#Creator: pendulumviewEventBuffer
#Creation time: Wed Feb 24 16:26:48 2016
#Time A	Pos A	Time B	Pos B
#[s]	[au]	[s]	[au]
0.026	449	0.051	477
0.076	489	0.102	479
0.127	523	0.152	479
0.177	553	0.203	481
0.229	580	0.253	479
0.279	589	0.304	478
0.330	589	0.355	479
0.380	587	0.406	478
0.431	576	0.456	482
0.482	561	0.507	485
0.533	541	0.557	478
0.583	517	0.609	476
0.634	485	0.659	479
0.684	453	0.710	479
0.736	412	0.760	479
0.786	382	0.811	479
0.837	346	0.862	479
0.887	316	0.913	479
0.938	292	0.963	479
0.988	279	1.014	480
1.040	273	1.064	477
1.090	274	1.115	478
1.141	281	1.166	475
1.191	294	1.217	481
1.242	316	1.267	484
1.293	340	1.318	481
1.344	371	1.368	479
1.394	405	1.420	480
1.445	440	1.470	479
1.495	479	1.521	480
1.547	512	1.571	479
1.597	542	1.622	479
1.648	558	1.673	480
1.698	573	1.724	483
1.749	579	1.774	478
1.799	579	1.825	476
1.851	574	1.875	477
1.901	561	1.926	478
1.952	542	1.977	478
2.002	519	2.028	482
2.053	488	2.078	479
2.104	453	2.129	479
2.155	418	2.179	479
2.205	382	2.231	478
2.256	351	2.281	480
2.306	321	2.332	480
2.358	302	2.382	476
2.408	289	2.433	481
2.459	282	2.484	484
2.509	282	2.535	477
2.560	290	2.586	485
2.611	302	2.636	481
2.662	320	2.687	479
2.712	344	2.737	479
2.763	377	2.789	478
2.813	407	2.839	479
2.864	442	2.890	478
2.915	471	2.940	479
2.966	501	2.991	479
3.016	529	3.042	478
3.067	549	3.093	477
3.117	562	3.143	476
3.169	570	3.194	478
3.219	570	3.244	484
3.270	564	3.296	477
3.320	553	3.346	481
3.371	533	3.397	481
3.422	510	3.447	480
3.473	481	3.498	481
3.523	448	3.548	480
3.574	421	3.600	479
3.624	385	3.650	480
3.675	361	3.701	479
3.726	334	3.751	479
3.777	314	3.802	478
3.827	300	3.853	477
3.878	292	3.904	481
3.928	293	3.954	476
3.980	299	4.005	483
4.030	310	4.055	478
4.081	330	4.107	479
4.131	352	4.157	480
4.182	373	4.208	479
4.233	405	4.258	480
4.284	437	4.309	479
4.334	468	4.359	479
4.385	494	4.411	479
4.435	520	4.461	475
4.486	540	4.512	481
4.537	555	4.562	479
4.588	561	4.613	477
4.638	562	4.664	477
4.689	557	4.715	481
4.739	546	4.765	479
4.791	530	4.816	480
4.841	508	4.866	479
4.892	480	4.918	479
4.942	457	4.968	479
4.993	422	5.019	479
5.044	393	5.069	480
5.095	367	5.120	481
5.145	340	5.171	480
5.196	323	5.222	479
5.246	307	5.272	476
5.297	303	5.323	472
5.348	299	5.373	481
5.399	304	5.424	478
5.450	316	5.475	478
5.500	334	5.526	480
5.551	354	5.576	479
5.602	376	5.627	479
5.653	408	5.677	479
5.703	438	5.729	480
5.754	463	5.779	481
5.804	491	5.830	479
5.856	515	5.880	476
5.906	533	5.931	477
5.957	548	5.982	478
6.007	555	6.033	482
6.058	557	6.083	481
6.108	553	6.134	481
6.160	546	6.184	480
6.210	527	6.235	480
6.261	509	6.286	480
6.311	481	6.337	480
6.362	448	6.387	479
6.413	424	6.438	478
6.464	395	6.488	480
6.514	368	6.540	484
6.565	346	6.590	478
6.615	329	6.641	474
6.667	315	6.691	482
6.717	307	6.742	479
6.768	305	6.793	479
6.818	309	6.844	479
6.869	320	6.894	479
6.919	337	6.945	479
6.971	357	6.995	478
7.021	380	7.046	479
7.072	406	7.097	479
7.122	437	7.148	481
7.173	463	7.198	476
7.224	489	7.249	479
7.275	511	7.299	477
7.325	529	7.351	483
7.376	544	7.401	476
7.426	550	7.452	481
7.478	553	7.502	479
7.528	547	7.553	480
7.579	541	7.604	480
7.629	522	7.655	480
7.680	501	7.705	480
7.731	476	7.756	480
7.782	450	7.806	480
7.832	424	7.857	482
7.883	397	7.908	480
7.933	372	7.959	480
7.984	351	8.009	481
8.035	334	8.060	473
8.086	320	8.110	478
8.136	313	8.162	476
8.187	311	8.212	479
8.237	317	8.263	479
8.289	326	8.313	479
8.339	342	8.364	479
8.390	358	8.415	478
8.440	383	8.466	480
8.491	410	8.517	482
8.542	436	8.567	480
8.593	462	8.618	479
8.643	486	8.668	479
8.694	508	8.720	484
8.744	526	8.770	481
8.795	539	8.821	481
8.846	544	8.871	481
8.897	545	8.922	479
8.947	543	8.973	479
8.998	538	9.024	480
9.048	517	9.074	480
9.100	495	9.125	480
9.150	477	9.175	482
9.201	451	9.227	481
9.251	426	9.277	477
9.302	399	9.328	479
9.353	376	9.378	479
9.404	354	9.429	476
9.454	338	9.479	479
9.505	325	9.531	479
9.555	319	9.581	479
9.606	316	9.632	478
9.657	322	9.682	479
9.708	329	9.733	478
9.758	350	9.784	479
9.809	362	9.835	479
9.859	385	9.885	478
9.911	410	9.936	479
9.961	435	9.986	481
10.012	461	10.038	477
10.062	485	10.088	479
10.113	506	10.139	483
10.164	522	10.189	479
10.215	537	10.240	480
10.265	541	10.291	481
10.316	542	10.342	481
10.366	539	10.392	480
10.417	532	10.443	479
10.468	517	10.493	481
10.519	498	10.544	479
10.569	477	10.595	481
10.620	452	10.646	480
10.670	427	10.696	477
10.722	401	10.747	477
10.772	378	10.797	485
10.823	357	10.849	478
10.873	343	10.899	481
10.924	330	10.950	479
10.975	322	11.000	478
11.026	321	11.051	479
11.076	330	11.102	479
11.127	332	11.153	479
11.177	347	11.203	478
11.228	366	11.254	480
11.279	389	11.304	477
11.330	412	11.355	479
11.380	436	11.406	478
11.431	461	11.457	481
11.481	483	11.507	478
11.533	504	11.558	483
11.583	520	11.608	480
11.634	531	11.660	480
11.684	540	11.710	481
11.735	540	11.761	481
11.786	538	11.811	480
11.837	525	11.862	481
11.887	515	11.913	482
11.938	493	11.964	482
11.988	474	12.014	479
12.039	451	12.065	482
12.090	427	12.115	473
12.141	402	12.166	482
12.191	380	12.217	475
12.242	361	12.268	480
12.292	347	12.318	479
12.344	331	12.369	478
12.394	325	12.419	478
12.445	328	12.471	478
12.495	335	12.521	479
12.546	339	12.572	478
12.597	353	12.622	478
12.648	370	12.673	477
12.698	390	12.724	480
12.749	413	12.775	475
12.799	437	12.825	478
12.851	460	12.876	481
12.901	482	12.926	481
12.952	501	12.977	483
13.002	517	13.028	481
13.053	533	13.079	480
13.103	534	13.129	480
13.155	541	13.180	480
13.205	532	13.230	480
13.256	527	13.282	479
13.306	510	13.332	480
13.357	492	13.383	479
13.408	473	13.433	476
13.459	449	13.484	477
13.509	427	13.535	478
13.560	404	13.586	478
13.610	382	13.636	476
13.662	365	13.687	479
13.712	346	13.737	479
13.763	340	13.788	479
13.813	328	13.839	479
13.864	332	13.890	479
13.914	337	13.940	477
13.966	341	13.991	480
14.016	357	14.041	479
14.067	372	14.093	483
14.117	392	14.143	477
14.168	414	14.194	482
14.219	437	14.244	478
14.270	460	14.295	479
14.320	479	14.346	478
14.371	498	14.397	479
14.421	515	14.447	481
14.473	528	14.498	479
14.523	530	14.548	479
14.574	532	14.599	480
14.624	530	14.650	480
14.675	519	14.701	479
14.725	507	14.751	477
14.777	491	14.802	480
14.827	472	14.852	481
14.878	450	14.904	482
14.928	428	14.954	484
14.979	406	15.005	480
15.030	383	15.055	478
15.081	367	15.106	479
15.131	348	15.157	479
15.182	343	15.208	478
15.232	338	15.258	479
15.284	332	15.309	478
15.334	339	15.359	478
15.385	346	15.411	475
15.435	358	15.461	479
15.486	375	15.512	481
15.536	394	15.562	477
15.588	417	15.613	473
15.638	438	15.663	481
15.689	460	15.715	482
15.739	479	15.765	479
15.790	495	15.816	479
15.841	511	15.866	481
15.892	526	15.917	480
15.942	529	15.968	478
15.993	529	16.019	480
16.043	525	16.069	479
16.095	517	16.120	479
16.145	505	16.170	477
16.196	488	16.222	477
16.246	470	16.272	479
16.297	448	16.323	481
16.347	427	16.373	477
16.399	406	16.424	478
16.449	384	16.474	478
16.500	367	16.526	479
16.550	357	16.576	479
16.601	345	16.627	479
16.652	336	16.677	479
16.703	336	16.728	480
16.753	339	16.779	479
16.804	350	16.830	477
16.854	362	16.880	480
16.906	377	16.931	485
16.956	395	16.981	479
17.007	416	17.033	483
17.057	438	17.083	477
17.108	461	17.134	479
17.158	477	17.184	479
17.210	498	17.235	479
17.260	512	17.285	480
17.311	523	17.337	481
17.361	523	17.387	481
17.412	526	17.438	481
17.464	523	17.488	479
17.514	515	17.539	480
17.565	502	17.590	480
17.615	487	17.641	483
17.666	468	17.691	473
17.717	447	17.742	481
17.768	426	17.792	477
17.818	407	17.844	478
17.869	384	17.894	479
17.919	371	17.945	479
17.971	360	17.995	478
18.021	349	18.046	479
18.072	341	18.096	479
18.122	339	18.148	477
18.173	344	18.198	481
18.223	352	18.249	477
18.275	364	18.299	476
18.325	379	18.350	485
18.376	397	18.401	481
18.426	417	18.452	478
18.477	437	18.502	480
18.528	461	18.553	479
18.579	479	18.603	479
18.629	500	18.655	481
18.680	506	18.705	480
18.730	523	18.756	480
18.782	524	18.806	478
18.832	524	18.857	481
18.883	520	18.907	483
18.933	511	18.959	478
18.984	500	19.009	484
19.034	483	19.060	479
19.086	466	19.110	480
19.136	446	19.161	477
19.187	427	19.212	478
19.237	405	19.263	478
19.288	384	19.313	478
19.339	372	19.364	479
19.390	362	19.414	479
19.440	348	19.466	479
19.491	346	19.516	478
19.541	344	19.567	481
19.593	347	19.617	479
19.643	355	19.668	484
19.694	368	19.718	478
19.744	383	19.770	473
19.795	400	19.820	481
19.845	418	19.871	481
19.897	440	19.921	479
19.947	456	19.972	479
19.998	476	20.023	479
20.048	496	20.074	479
20.099	507	20.124	479
20.150	513	20.175	479
20.201	520	20.225	483
20.251	520	20.277	480
20.302	516	20.327	483
20.352	508	20.378	482
20.404	497	20.428	481
20.454	481	20.479	482
20.505	464	20.529	478
20.555	444	20.581	478
20.606	426	20.632	480
20.656	408	20.682	479
20.708	391	20.733	480
20.758	371	20.783	479
20.809	359	20.835	480
20.859	353	20.885	481
20.910	347	20.936	478
20.961	346	20.986	476
21.012	351	21.037	480
21.062	358	21.088	475
21.113	369	21.139	479
21.163	384	21.189	475
21.215	400	21.240	478
21.265	420	21.290	479
21.316	441	21.342	478
21.366	462	21.392	480
21.417	475	21.443	481
21.467	490	21.493	480
21.519	504	21.544	479
21.569	516	21.594	479
21.620	518	21.646	476
21.670	518	21.696	481
21.721	514	21.747	484
21.772	506	21.797	480
21.823	495	21.848	485
21.873	480	21.899	481
21.924	465	21.950	478
21.974	443	22.000	478
22.026	428	22.051	479
22.076	407	22.101	480
22.127	393	22.153	480
22.177	376	22.203	479
22.228	364	22.254	479
22.278	356	22.304	483
22.330	350	22.355	480
22.380	349	22.405	475
22.431	354	22.457	478
22.481	361	22.507	474
22.532	372	22.558	478
22.583	389	22.608	479
22.634	404	22.659	480
22.684	422	22.710	479
22.735	440	22.761	479
22.785	461	22.811	480
22.837	474	22.862	478
22.887	487	22.912	479
22.938	501	22.964	482
22.988	509	23.014	478
23.039	515	23.065	481
23.089	515	23.115	480
23.141	510	23.166	475
23.191	502	23.216	481
23.242	491	23.268	479
23.292	476	23.318	479
23.343	458	23.369	479
23.394	441	23.419	480
23.445	427	23.470	480
23.495	407	23.521	480
23.546	386	23.572	479
23.596	377	23.622	478
23.648	364	23.673	478
23.698	356	23.723	479
23.749	353	23.775	477
23.799	352	23.825	484
23.850	357	23.876	481
23.900	364	23.926	477
23.952	375	23.977	478
24.002	387	24.027	479
24.053	405	24.079	479
24.103	418	24.129	478
24.154	441	24.180	478
24.205	455	24.230	479
24.256	471	24.281	480
24.307	488	24.332	478
24.357	500	24.383	476
24.408	508	24.433	481
24.459	512	24.484	475
24.510	511	24.534	478
24.560	507	24.586	483
24.611	500	24.636	480
24.661	491	24.687	481
24.713	475	24.737	479
24.763	462	24.788	480
24.814	441	24.838	479
24.864	424	24.890	480
24.915	405	24.940	479
24.965	391	24.991	480
25.017	376	25.041	479
25.067	367	25.092	479
25.118	360	25.143	479
25.168	354	25.194	481
25.219	355	25.244	474
25.270	359	25.295	479
25.321	366	25.345	481
25.371	377	25.397	479
25.422	389	25.447	479
25.472	405	25.498	480
25.524	419	25.548	479
25.574	440	25.599	480
25.625	456	25.649	480
25.675	474	25.701	477
25.726	487	25.751	477
25.776	498	25.802	482
25.828	506	25.852	478
25.878	509	25.903	479
25.929	509	25.954	480
25.979	504	26.005	477
26.030	497	26.055	481
26.081	488	26.106	479
26.132	474	26.156	479
26.182	461	26.208	479
26.233	441	26.258	479
26.283	426	26.309	479
26.335	408	26.359	478
26.385	394	26.410	481
26.436	378	26.460	478
26.486	368	26.512	479
26.537	361	26.562	483
26.587	357	26.613	479
26.639	357	26.663	479
26.689	362	26.714	479
26.740	367	26.765	478
26.790	382	26.816	479
26.841	393	26.866	480
26.892	407	26.917	479
26.943	426	26.967	479
26.993	441	27.019	478
27.044	457	27.069	478
27.094	473	27.120	479
27.146	486	27.170	478
27.196	497	27.221	483
27.247	503	27.271	480
27.297	507	27.323	477
27.348	506	27.374	480
27.398	504	27.424	479
27.450	493	27.475	479
27.500	483	27.525	479
27.551	473	27.577	479
27.601	459	27.627	479
27.652	442	27.678	480
27.703	424	27.728	479
27.754	407	27.779	476
27.804	391	27.830	478
27.855	380	27.881	477
27.905	369	27.931	478
27.957	362	27.982	475
28.007	360	28.032	479
28.058	361	28.084	480
28.108	363	28.134	479
28.159	372	28.185	480
28.209	383	28.235	479
28.261	395	28.286	480
28.311	412	28.336	479
28.362	429	28.388	479
28.412	442	28.438	480
28.463	458	28.489	480
28.514	474	28.539	484
28.565	485	28.590	478
28.615	494	28.641	485
28.666	502	28.692	479
28.716	505	28.742	481
28.768	504	28.793	480
28.818	498	28.843	479
28.869	491	28.895	479
28.919	480	28.945	479
28.970	467	28.996	481
29.020	459	29.046	479
29.072	437	29.097	475
29.122	423	29.147	477
29.173	407	29.199	483
29.223	392	29.249	480
29.274	381	29.300	473
29.325	371	29.350	478
29.376	365	29.401	476
29.426	362	29.452	480
29.477	360	29.503	479
29.527	365	29.553	479
29.579	377	29.604	480
29.629	383	29.654	478
29.680	400	29.706	479
29.730	410	29.756	479
29.781	427	29.807	480
29.831	443	29.857	476
29.883	458	29.908	481
29.933	473	29.958	476
29.984	484	30.010	477
30.034	495	30.060	484
30.085	500	30.111	479
30.136	505	30.161	479
30.187	503	30.212	479
30.237	498	30.263	479
30.288	492	30.314	479
30.338	484	30.364	479
30.390	466	30.415	478
30.440	451	30.465	479
30.491	437	30.517	478
30.541	421	30.567	478
30.592	407	30.618	481
30.643	392	30.668	482
30.694	382	30.719	485
30.744	373	30.769	478
30.795	365	30.821	479
30.845	362	30.871	479
30.896	366	30.922	478
30.947	369	30.972	479
30.998	376	31.023	479
31.048	390	31.074	479
31.099	397	31.125	481
31.149	413	31.175	482
31.201	428	31.226	479
31.251	443	31.276	483
31.302	459	31.328	477
31.352	472	31.378	475
31.403	483	31.429	481
31.454	490	31.479	481
31.505	499	31.530	479
31.555	504	31.580	479
31.606	498	31.632	479
31.656	498	31.682	479
31.707	487	31.733	479
31.758	477	31.783	479
31.809	467	31.834	477
31.860	452	31.885	477
31.910	437	31.936	480
31.961	422	31.986	482
32.012	407	32.037	481
32.063	394	32.087	480
32.113	385	32.139	477
32.164	374	32.189	479
32.214	365	32.240	479
32.266	368	32.290	480
32.316	367	32.341	479
32.367	370	32.391	479
32.417	381	32.443	479
32.468	388	32.493	478
32.518	400	32.544	481
32.570	415	32.594	478
32.620	429	32.645	480
32.671	444	32.696	475
32.721	458	32.747	480
32.772	471	32.797	480
32.823	481	32.848	479
32.874	488	32.898	479
32.924	498	32.950	480
32.975	500	33.000	479
33.025	500	33.051	479
33.077	497	33.101	479
33.127	488	33.152	483
33.178	478	33.203	479
33.228	464	33.254	478
33.279	452	33.304	481
33.329	436	33.355	482
33.381	422	33.405	476
33.431	407	33.456	476
33.482	394	33.507	478
33.532	386	33.558	478
33.583	373	33.608	478
33.634	368	33.659	479
33.685	366	33.709	478
33.735	371	33.761	478
33.786	374	33.811	480
33.836	380	33.862	477
33.888	391	33.912	479
33.938	401	33.963	479
33.989	415	34.014	478
34.039	429	34.065	477
34.090	445	34.115	480
34.140	459	34.166	480
34.192	469	34.216	480
34.242	481	34.267	479
34.293	494	34.318	480
34.343	497	34.369	478
34.394	495	34.419	478
34.445	495	34.470	478
34.496	490	34.520	477
34.546	483	34.572	481
34.597	473	34.622	477
34.647	462	34.673	482
34.699	449	34.723	479
34.749	436	34.774	479
34.800	422	34.825	480
34.850	409	34.876	481
34.901	398	34.927	480
34.951	390	34.977	482
35.003	380	35.028	482
35.053	373	35.078	480
35.104	373	35.130	481
35.154	370	35.180	479
35.205	377	35.231	480
35.256	383	35.281	477
35.307	392	35.332	485
35.357	403	35.383	478
35.408	416	35.434	479
35.458	430	35.484	478
35.510	446	35.535	478
35.560	456	35.585	478
35.611	470	35.637	479
35.661	479	35.687	480
35.712	484	35.738	479
35.763	491	35.788	480
35.814	496	35.839	481
35.864	494	35.889	480
35.915	490	35.941	478
35.965	482	35.991	476
36.016	474	36.042	482
36.067	462	36.092	476
36.118	449	36.143	481
36.168	435	36.194	482
36.219	420	36.245	480
36.269	404	36.295	479
36.321	396	36.346	480
36.371	390	36.396	479
36.422	380	36.448	480
36.472	374	36.498	479
36.523	372	36.549	481
36.574	373	36.599	479
36.625	378	36.650	475
36.675	384	36.700	477
36.726	395	36.752	475
36.776	406	36.802	478
36.827	418	36.853	477
36.878	431	36.903	480
36.929	442	36.954	480
36.979	456	37.005	479
37.030	466	37.056	479
37.080	478	37.106	479
37.132	485	37.157	478
37.182	492	37.207	482
37.233	492	37.259	477
37.283	491	37.309	475
37.334	486	37.360	479
37.385	480	37.410	480
37.436	470	37.461	482
37.486	458	37.511	480
37.537	446	37.563	480
37.587	430	37.613	480
37.638	421	37.664	480
37.689	404	37.714	480
37.740	397	37.765	481
37.790	389	37.816	481
37.841	382	37.867	483
37.891	377	37.917	483
37.943	375	37.968	481
37.993	377	38.018	482
38.044	380	38.070	478
38.094	387	38.120	479
38.145	396	38.171	480
38.196	405	38.221	478
38.247	417	38.272	478
38.297	430	38.323	478
38.348	447	38.374	478
38.398	458	38.424	478
38.449	465	38.475	479
38.500	477	38.525	477
38.551	484	38.576	481
38.602	488	38.627	476
38.652	490	38.678	481
38.703	489	38.728	476
38.754	485	38.779	482
38.805	479	38.829	480
38.855	469	38.881	482
38.906	456	38.931	482
38.956	447	38.982	480
39.008	429	39.032	480
39.058	424	39.083	480
39.109	409	39.134	480
39.159	399	39.185	481
39.210	390	39.235	478
39.260	383	39.286	484
39.312	376	39.336	478
39.362	376	39.387	476
39.413	377	39.438	478
39.463	381	39.489	477
39.514	387	39.539	477
39.565	395	39.590	479
39.616	410	39.640	479
39.666	416	39.692	478
39.717	433	39.742	479
39.767	449	39.793	480
39.819	456	39.843	477
39.869	469	39.894	480
39.920	478	39.945	481
39.970	482	39.996	481
40.021	488	40.046	475
40.071	488	40.097	477
40.123	488	40.147	479
40.173	485	40.198	480
40.224	476	40.249	480
40.274	468	40.300	481
40.325	454	40.350	481
40.376	445	40.401	479
40.427	434	40.451	480
40.477	421	40.503	481
40.528	408	40.553	481
40.578	398	40.604	475
40.630	389	40.654	481
40.680	383	40.705	474
40.731	379	40.756	479
40.781	379	40.807	479
40.832	380	40.857	478
40.883	381	40.908	478
40.934	388	40.958	479
40.984	397	41.009	478
41.035	407	41.060	478
41.085	420	41.111	479
41.136	434	41.161	479
41.187	446	41.212	480
41.238	457	41.262	482
41.288	468	41.314	478
41.339	477	41.364	479
41.389	482	41.415	478
41.441	487	41.465	477
41.491	487	41.516	481
41.542	488	41.567	481
41.592	481	41.618	480
41.643	476	41.669	480
41.694	464	41.719	480
41.745	458	41.770	480
41.795	444	41.820	479
41.846	431	41.872	478
41.896	421	41.922	480
41.947	409	41.973	479
41.998	400	42.023	476
42.049	390	42.074	481
42.099	386	42.125	480
42.150	380	42.176	479
42.200	379	42.226	477
42.252	381	42.277	478
42.302	388	42.327	478
42.353	394	42.379	478
42.403	402	42.429	479
42.454	412	42.480	478
42.505	420	42.530	478
42.556	435	42.581	481
42.606	445	42.631	482
42.657	457	42.683	478
42.707	466	42.733	482
42.758	475	42.784	478
42.809	481	42.834	480
42.860	483	42.885	482
42.910	485	42.936	481
42.961	481	42.987	480
43.011	481	43.037	481
43.063	472	43.088	480
43.113	463	43.138	480
43.164	453	43.190	480
43.214	444	43.240	476
43.265	432	43.291	479
43.316	421	43.341	475
43.367	408	43.392	478
43.417	400	43.443	477
43.468	391	43.494	477
43.518	385	43.544	480
43.569	382	43.595	478
43.620	381	43.645	479
43.671	384	43.696	478
43.721	390	43.747	479
43.772	396	43.798	479
43.822	404	43.848	479
43.874	411	43.899	477
43.924	422	43.949	478
43.975	435	44.001	484
44.025	445	44.051	480
44.076	457	44.102	486
44.127	466	44.152	479
44.178	475	44.203	483
44.228	479	44.254	480
44.279	486	44.305	479
44.329	485	44.355	481
44.380	483	44.406	480
44.431	481	44.456	480
44.482	470	44.507	480
44.532	464	44.558	479
44.583	453	44.609	481
44.633	443	44.659	475
44.685	431	44.710	480
44.735	420	44.760	481
44.786	410	44.812	480
44.836	401	44.862	477
44.887	392	44.913	479
44.938	386	44.963	478
44.989	384	45.014	478
45.039	384	45.065	478
45.090	385	45.116	480
45.140	385	45.166	478
45.191	395	45.217	480
45.242	404	45.267	481
45.293	413	45.318	484
45.343	424	45.369	482
45.394	435	45.420	485
45.444	446	45.470	481
45.496	457	45.521	482
45.546	466	45.571	481
45.597	477	45.623	480
45.647	478	45.673	481
45.698	479	45.724	480
45.749	485	45.774	480
45.800	480	45.825	480
45.850	476	45.876	481
45.901	473	45.927	481
45.951	462	45.977	481
46.003	452	46.028	477
46.053	442	46.078	481
46.104	431	46.129	480
46.154	420	46.180	474
46.205	410	46.231	479
46.255	402	46.281	479
46.307	395	46.332	478
46.357	385	46.382	478
46.408	385	46.434	478
46.458	384	46.484	479
46.509	386	46.535	479
46.560	388	46.585	481
46.611	396	46.636	476
46.661	405	46.687	480
46.712	413	46.738	478
46.762	424	46.788	480
46.814	435	46.839	477
46.864	447	46.889	480
46.915	459	46.940	480
46.965	467	46.991	480
47.016	475	47.042	481
47.066	478	47.092	480
47.118	478	47.143	480
47.168	482	47.193	480
47.219	480	47.245	478
47.269	476	47.295	477
47.320	469	47.346	477
47.371	461	47.396	475
47.422	451	47.447	480
47.472	441	47.498	479
47.523	430	47.549	478
47.573	418	47.599	475
47.625	411	47.650	479
47.675	405	47.700	478
47.726	393	47.751	479
47.776	388	47.802	479
47.827	384	47.853	479
47.877	386	47.903	480
47.929	387	47.954	482
47.979	390	48.004	479
48.030	397	48.056	476
48.080	406	48.106	479
48.131	415	48.157	480
48.182	424	48.207	479
48.233	437	48.258	482
48.283	446	48.309	481
48.334	454	48.360	480
48.384	466	48.410	480
48.436	472	48.461	480
48.486	479	48.511	480
48.537	477	48.563	480
48.587	480	48.613	480
48.638	479	48.664	478
48.688	474	48.714	478
48.740	468	48.765	481
48.790	459	48.815	477
48.841	450	48.867	477
48.891	440	48.917	478
48.942	429	48.968	478
48.993	417	49.018	478
49.044	410	49.069	479
49.094	400	49.120	479
49.145	394	49.171	479
49.195	392	49.221	479
49.247	389	49.272	478
49.297	388	49.322	479
49.348	388	49.374	477
49.398	394	49.424	481
49.449	400	49.475	479
49.499	407	49.525	479
49.551	417	49.576	480
49.601	425	49.626	481
49.652	438	49.678	479
49.702	446	49.728	481
49.753	453	49.779	480
49.804	463	49.829	479
49.855	470	49.880	479
49.905	475	49.931	480
49.956	477	49.982	478
50.006	479	50.032	480
50.058	476	50.083	481
50.108	472	50.133	476
50.159	467	50.185	478
50.209	459	50.235	475
50.260	449	50.286	478
50.310	439	50.336	479
50.362	429	50.387	479
50.412	420	50.437	478
50.463	413	50.489	478
50.513	407	50.539	478
50.564	395	50.590	479
50.616	389	50.640	479
50.666	389	50.691	481
50.717	388	50.742	479
50.767	390	50.793	480
50.818	393	50.843	477
50.869	400	50.894	484
50.920	407	50.944	479
50.970	416	50.996	480
51.021	427	51.046	480
51.071	438	51.097	481
51.123	444	51.147	480
51.173	459	51.198	479
51.224	461	51.248	479
51.274	470	51.300	479
51.325	475	51.350	477
51.375	477	51.401	480
51.427	478	51.451	475
51.477	475	51.502	477
51.528	471	51.553	482
51.578	464	51.604	480
51.629	458	51.654	476
51.680	449	51.705	479
51.731	439	51.755	479
51.781	430	51.807	480
51.832	422	51.857	479
51.882	410	51.908	479
51.934	400	51.958	480
51.984	398	52.009	478
52.035	392	52.059	479
52.085	390	52.111	480
52.136	389	52.161	482
52.186	391	52.212	478
52.238	396	52.262	480
52.288	403	52.313	482
52.339	410	52.364	478
52.389	421	52.415	480
52.440	426	52.465	478
52.491	438	52.516	478
52.542	446	52.566	479
52.592	454	52.618	479
52.643	464	52.668	481
52.693	469	52.719	480
52.745	473	52.769	482
52.795	476	52.820	481
52.846	476	52.870	474
52.896	474	52.922	477
52.947	471	52.972	481
52.997	463	53.023	478
53.049	458	53.073	481
53.099	448	53.124	479
53.150	439	53.175	479
53.200	431	53.226	480
53.251	420	53.276	479
53.302	411	53.327	478
53.353	406	53.377	479
53.403	397	53.429	476
53.454	393	53.479	481
53.504	392	53.530	475
53.556	391	53.580	481
53.606	393	53.631	479
53.657	396	53.681	480
53.707	402	53.733	480
53.758	411	53.784	479
53.808	423	53.834	479
53.860	425	53.885	479
53.910	443	53.935	478
53.961	445	53.987	478
54.011	455	54.037	481
54.062	462	54.088	483
54.113	469	54.138	478
54.164	473	54.189	476
54.214	475	54.240	482
54.265	475	54.291	477
54.315	473	54.341	480
54.367	467	54.392	480
54.417	463	54.442	479
54.468	458	54.494	480
54.518	445	54.544	479
54.569	442	54.595	480
54.619	429	54.645	480
54.671	417	54.696	479
54.721	411	54.746	483
54.772	404	54.798	480
54.822	399	54.848	483
54.873	395	54.899	480
54.924	392	54.949	475
54.975	392	55.000	479
55.025	396	55.051	479
55.076	396	55.102	479
55.126	404	55.152	480
55.178	410	55.203	479
55.228	424	55.253	479
55.279	428	55.305	480
