#Creator: pendulumSimpleEventBuffer
#Creation time: Wed Mar  2 16:14:45 2016
#Id	Edge	Time
#[]	[b]	[s]


15	1	7.997604
16	0	9.047080
17	1	9.059636
18	0	10.138988
19	1	10.151556
20	0	11.200612
21	1	11.213252
22	0	12.292452
23	1	12.305104
24	0	13.353904
25	1	13.366624
26	0	14.445660
27	1	14.458392
28	0	15.506876
29	1	15.519676
30	0	16.598552
31	1	16.611368
32	0	17.659532
33	1	17.672408
34	0	18.751172
35	1	18.764060
36	0	19.811884
37	1	19.824828
38	0	20.903460
39	1	20.916424
40	0	21.963984
41	1	21.977000
42	0	23.055492
43	1	23.068532
44	0	24.116048
45	1	24.129144
46	0	25.207516
47	1	25.220628
48	0	26.268032
49	1	26.281196
50	0	27.359416
51	1	27.372604
52	0	28.420168
53	1	28.433408
54	0	29.511492
55	1	29.524756
56	0	30.572052
57	1	30.585364
58	0	31.663324
59	1	31.676656
60	0	32.723668
61	1	32.737052
62	0	33.814912
63	1	33.828316
64	0	34.875076
65	1	34.888532
66	0	35.966248
67	1	35.979724
68	0	37.026220
69	1	37.039748
70	0	38.117360
71	1	38.130908
72	0	39.177116
73	1	39.190712
74	0	40.268224
75	1	40.281848
76	0	41.327776
77	1	41.341444
78	0	42.418856
79	1	42.432552
80	0	43.478204
81	1	43.491944
82	0	44.569244
83	1	44.583008
84	0	45.628380
85	1	45.642196
86	0	46.719400
87	1	46.733236
88	0	47.778328
89	1	47.792216
90	0	48.869328
91	1	48.883240
92	0	49.928056
93	1	49.942016
94	0	51.019020
95	1	51.033004
96	0	52.077556
97	1	52.091584
98	0	53.168500
99	1	53.182560
100	0	54.226836
101	1	54.240936
102	0	55.317760
103	1	55.331892
104	0	56.375876
105	1	56.390052
106	0	57.466764
107	1	57.480968
108	0	58.524724
109	1	58.538972
110	0	59.615600
111	1	59.629876
112	0	60.673368
113	1	60.687692
114	0	61.764232
115	1	61.778584
116	0	62.821816
117	1	62.836212
118	0	63.912656
119	1	63.927076
120	0	64.970064
121	1	64.984532
122	0	66.060896
123	1	66.075388
124	0	67.118100
125	1	67.132640
126	0	68.208912
127	1	68.223484
128	0	69.265924
129	1	69.280544
130	0	70.356708
131	1	70.371352
132	0	71.413548
133	1	71.428244
134	0	72.504324
135	1	72.519044
136	0	73.560968
137	1	73.575736
138	0	74.651704
139	1	74.666496
140	0	75.708160
141	1	75.723000
142	0	76.798888
143	1	76.813752
144	0	77.855160
145	1	77.870076
146	0	78.945876
147	1	78.960820
148	0	80.001976
149	1	80.016968
150	0	81.092700
151	1	81.107720
152	0	82.148612
153	1	82.163680
154	0	83.239352
155	1	83.254448
156	0	84.295064
157	1	84.310212
158	0	85.385800
159	1	85.400972
160	0	86.441348
161	1	86.456564
162	0	87.532068
163	1	87.547320
164	0	88.587440
165	1	88.602740
166	0	89.678168
167	1	89.693492
168	0	90.733380
169	1	90.748752
170	0	91.824108
171	1	91.839508
172	0	92.879140
173	1	92.894596
174	0	93.969860
175	1	93.985336
176	0	95.024724
177	1	95.040256
178	0	96.115444
179	1	96.131000
180	0	97.170140
181	1	97.185740
182	0	98.260880
183	1	98.276508
184	0	99.315376
185	1	99.331056
186	0	100.406124
187	1	100.421832
188	0	101.460448
189	1	101.476208
190	0	102.551208
191	1	102.566992
192	0	103.605352
193	1	103.621188
194	0	104.696144
195	1	104.712004
196	0	105.750108
197	1	105.766020
198	0	106.840912
199	1	106.856848
200	0	107.894688
201	1	107.910676
202	0	108.985520
203	1	109.001532
204	0	110.039100
205	1	110.055164
206	0	111.130012
207	1	111.146112
208	0	112.183412
209	1	112.199560
210	0	113.274284
211	1	113.290456
212	0	114.327544
213	1	114.343768
214	0	115.418460
215	1	115.434712
216	0	116.471496
217	1	116.487800
218	0	117.562460
219	1	117.578788
220	0	118.615312
221	1	118.631696
222	0	119.706260
223	1	119.722672
224	0	120.758968
225	1	120.775428
226	0	121.849916
227	1	121.866408
228	0	122.902472
229	1	122.919012
230	0	123.993444
231	1	124.010016
232	0	125.045836
233	1	125.062460
234	0	126.136824
235	1	126.153472
236	0	127.189052
237	1	127.205752
238	0	128.280048
239	1	128.296776
240	0	129.332096
241	1	129.348876
242	0	130.423136
243	1	130.439944
244	0	131.475024
245	1	131.491888
246	0	132.566068
247	1	132.582956
248	0	133.617808
249	1	133.634752
250	0	134.708868
251	1	134.725840
252	0	135.760432
253	1	135.777456
254	0	136.851560
255	1	136.868612
256	0	137.902936
257	1	137.920044
258	0	138.994124
259	1	139.011256
260	0	140.045312
261	1	140.062496
262	0	141.136540
263	1	141.153756
264	0	142.187568
265	1	142.204840
266	0	143.278832
267	1	143.296132
268	0	144.329700
269	1	144.347048
270	0	145.420992
271	1	145.438368
272	0	146.471680
273	1	146.489112
274	0	147.562996
275	1	147.580456
276	0	148.613520
277	1	148.631032
278	0	149.704868
279	1	149.722408
280	0	150.755236
281	1	150.772832
282	0	151.846624
283	1	151.864248
284	0	152.896824
285	1	152.914504
286	0	153.988256
287	1	154.005968
288	0	155.038308
289	1	155.056072
290	0	156.129768
291	1	156.147556
292	0	157.179648
293	1	157.197488
294	0	158.271124
295	1	158.288992
296	0	159.320844
297	1	159.338768
298	0	160.412360
299	1	160.430312
300	0	161.461928
301	1	161.479936
302	0	162.553496
303	1	162.571536
304	0	163.602900
305	1	163.620996
306	0	164.694528
307	1	164.712652
308	0	165.743784
309	1	165.761960
310	0	166.835460
311	1	166.853664
312	0	167.884568
313	1	167.902828
314	0	168.976296
315	1	168.994584
316	0	170.025240
317	1	170.043584
318	0	171.117008
319	1	171.135380
320	0	172.165800
321	1	172.184228
322	0	173.257608
323	1	173.276068
324	0	174.306244
325	1	174.324760
326	0	175.398116
327	1	175.416660
328	0	176.446588
329	1	176.465188
330	0	177.538480
331	1	177.557112
332	0	178.586796
333	1	178.605476
334	0	179.678728
335	1	179.697444
336	0	180.726876
337	1	180.745648
338	0	181.818868
339	1	181.837668
340	0	182.866860
341	1	182.885720
342	0	183.958900
343	1	183.977784
344	0	185.006740
345	1	185.025684
346	0	186.098820
347	1	186.117796
348	0	187.146512
349	1	187.165544
350	0	188.238644
351	1	188.257704
352	0	189.286184
353	1	189.305296
354	0	190.378360
355	1	190.397504
356	0	191.425740
357	1	191.444940
358	0	192.517972
359	1	192.537204
360	0	193.565204
361	1	193.584492
362	0	194.657488
363	1	194.676808
364	0	195.704568
365	1	195.723944
366	0	196.796900
367	1	196.816304
368	0	197.843824
369	1	197.863288
370	0	198.936208
371	1	198.955700
372	0	199.982980
373	1	200.002528
374	0	201.075416
375	1	201.094996
376	0	202.122040
377	1	202.141680
378	0	203.214540
379	1	203.234208
380	0	204.261012
381	1	204.280740
382	0	205.353568
383	1	205.373320
384	0	206.399884
385	1	206.419696
386	0	207.492484
387	1	207.512328
388	0	208.538656
389	1	208.558560
390	0	209.631300
391	1	209.651232
392	0	210.677320
393	1	210.697312
394	0	211.770020
395	1	211.790036
396	0	212.815920
397	1	212.836000
398	0	213.908652
399	1	213.928760
400	0	214.954428
401	1	214.974600
402	0	216.047236
403	1	216.067436
404	0	217.092840
405	1	217.113096
406	0	218.185736
407	1	218.206020
408	0	219.231204
409	1	219.251552
410	0	220.324112
411	1	220.344484
412	0	221.369416
413	1	221.389856
414	0	222.462372
415	1	222.482840
416	0	223.507568
417	1	223.528092
418	0	224.600560
419	1	224.621120
420	0	225.645596
421	1	225.666216
422	0	226.738656
423	1	226.759308
424	0	227.783532
425	1	227.804244
426	0	228.876664
427	1	228.897400
428	0	229.921408
429	1	229.942212
430	0	231.014600
431	1	231.035428
432	0	232.059216
433	1	232.080112
434	0	233.152468
435	1	233.173392
436	0	234.196956
437	1	234.217940
438	0	235.290272
439	1	235.311284
440	0	236.334616
441	1	236.355692
442	0	237.427992
443	1	237.449100
444	0	238.472184
445	1	238.493348
446	0	239.565644
447	1	239.586836
448	0	240.609680
449	1	240.630936
450	0	241.703196
451	1	241.724484
452	0	242.747096
453	1	242.768444
454	0	243.840660
455	1	243.862044
456	0	244.884436
457	1	244.905880
458	0	245.978084
459	1	245.999556
460	0	247.021680
461	1	247.043212
462	0	248.115392
463	1	248.136956
464	0	249.158840
465	1	249.180468
466	0	250.252616
467	1	250.274272
468	0	251.295904
469	1	251.317632
470	0	252.389748
471	1	252.411504
472	0	253.432936
473	1	253.454748
474	0	254.526828
475	1	254.548676
476	0	255.569864
477	1	255.591772
478	0	256.663824
479	1	256.685768
480	0	257.706712
481	1	257.728712
482	0	258.800748
483	1	258.822780
484	0	259.843476
485	1	259.865576
486	0	260.937612
487	1	260.959740
488	0	261.980180
489	1	262.002372
490	0	263.074376
491	1	263.096600
492	0	264.116824
493	1	264.139112
494	0	265.211072
495	1	265.233392
496	0	266.253396
497	1	266.275780
498	0	267.347716
499	1	267.370128
500	0	268.389900
501	1	268.412380
502	0	269.484288
503	1	269.506796
504	0	270.526320
505	1	270.548892
506	0	271.620788
507	1	271.643388
508	0	272.662668
509	1	272.685336
510	0	273.757240
511	1	273.779936
512	0	274.798956
513	1	274.821724
514	0	275.893628
515	1	275.916424
516	0	276.935204
517	1	276.958060
518	0	278.029940
519	1	278.052836
520	0	279.071372
521	1	279.094328
522	0	280.166192
523	1	280.189180
524	0	281.207464
525	1	281.230524
526	0	282.302360
527	1	282.325444
528	0	283.343484
529	1	283.366636
530	0	284.438468
531	1	284.461644
532	0	285.479436
533	1	285.502684
534	0	286.574500
535	1	286.597780
536	0	287.615316
537	1	287.638664
538	0	288.710464
539	1	288.733840
540	0	289.751120
541	1	289.774564
542	0	290.846400
543	1	290.869872
544	0	291.886876
545	1	291.910420
546	0	292.982236
547	1	293.005804
548	0	294.022568
549	1	294.046204
550	0	295.118008
551	1	295.141680
552	0	296.158196
553	1	296.181936
554	0	297.253736
555	1	297.277508
556	0	298.293784
557	1	298.317616
558	0	299.389416
559	1	299.413280
560	0	300.429308
561	1	300.453240
562	0	301.525024
563	1	301.548992
564	0	302.564768
565	1	302.588804
566	0	303.660580
567	1	303.684648
568	0	304.700176
569	1	304.724312
570	0	305.796064
571	1	305.820232
572	0	306.835504
573	1	306.859740
574	0	307.931480
575	1	307.955752
576	0	308.970784
577	1	308.995120
578	0	310.066844
579	1	310.091216
580	0	311.105996
581	1	311.130436
582	0	312.202156
583	1	312.226624
584	0	313.241172
585	1	313.265708
586	0	314.337408
587	1	314.361972
588	0	315.376268
589	1	315.400912
590	0	316.472592
591	1	316.497264
592	0	317.511316
593	1	317.536052
594	0	318.607728
595	1	318.632504
596	0	319.646280
597	1	319.671120
598	0	320.742780
599	1	320.767656
600	0	321.781196
601	1	321.806136
602	0	322.877796
603	1	322.902772
604	0	323.916060
605	1	323.941108
606	0	325.012768
607	1	325.037852
608	0	326.050884
609	1	326.076032
610	0	327.147684
611	1	327.172872
612	0	328.185664
613	1	328.210920
614	0	329.282544
615	1	329.307832
616	0	330.320376
617	1	330.345732
618	0	331.417340
619	1	331.442728
620	0	332.455028
621	1	332.480492
622	0	333.552108
623	1	333.577604
624	0	334.589624
625	1	334.615192
626	0	335.686808
627	1	335.712408
628	0	336.724180
629	1	336.749852
630	0	337.821456
631	1	337.847160
632	0	338.858688
633	1	338.884460
634	0	339.956064
635	1	339.981876
636	0	340.993140
637	1	341.019020
638	0	342.090616
639	1	342.116532
640	0	343.127540
641	1	343.153528
642	0	344.225132
643	1	344.251148
644	0	345.261892
645	1	345.287980
646	0	346.359576
647	1	346.385700
648	0	347.396200
649	1	347.422400
650	0	348.493980
651	1	348.520212
652	0	349.530456
653	1	349.556764
654	0	350.628332
655	1	350.654672
656	0	351.664668
657	1	351.691080
658	0	352.762648
659	1	352.789092
660	0	353.798832
661	1	353.825344
662	0	354.896896
663	1	354.923448
664	0	355.932944
665	1	355.959568
666	0	357.031108
667	1	357.057772
668	0	358.067008
669	1	358.093736
670	0	359.165280
671	1	359.192048
672	0	360.201024
673	1	360.227864
674	0	361.299416
675	1	361.326288
676	0	362.334992
677	1	362.361944
678	0	363.433484
679	1	363.460468
680	0	364.468908
681	1	364.495968
682	0	365.567520
683	1	365.594608
684	0	366.602784
685	1	366.629948
686	0	367.701512
687	1	367.728712
688	0	368.736624
689	1	368.763900
690	0	369.835456
691	1	369.862764
692	0	370.870424
693	1	370.897808
694	0	371.969344
695	1	371.996764
696	0	373.004172
697	1	373.031664
698	0	374.103196
699	1	374.130728
700	0	375.137884
701	1	375.165484
702	0	376.237000
703	1	376.264636
704	0	377.271544
705	1	377.299256
706	0	378.370780
707	1	378.398528
708	0	379.405188
709	1	379.433012
710	0	380.504524
711	1	380.532380
712	0	381.538772
713	1	381.566708
714	0	382.638208
715	1	382.666176
716	0	383.672312
717	1	383.700356
718	0	384.771848
719	1	384.799932
720	0	385.805792
721	1	385.833948
722	0	386.905460
723	1	386.933644
724	0	387.939252
725	1	387.967516
726	0	389.039000
727	1	389.067304
728	0	390.072648
729	1	390.101028
730	0	391.172500
731	1	391.200920
732	0	392.205996
733	1	392.234496
734	0	393.305944
735	1	393.334472
736	0	394.339360
737	1	394.367960
738	0	395.439376
739	1	395.468016
740	0	396.472644
741	1	396.501372
742	0	397.572764
743	1	397.601520
744	0	398.605876
745	1	398.634720
746	0	399.706108
747	1	399.734972
748	0	400.739096
749	1	400.768040
750	0	401.839348
751	1	401.868336
752	0	402.872292
753	1	402.901352
754	0	403.972628
755	1	404.001728
756	0	405.005412
757	1	405.034588
758	0	406.105864
759	1	406.135076
760	0	407.138492
761	1	407.167784
762	0	408.239056
763	1	408.268388
764	0	409.271528
765	1	409.300932
766	0	410.372208
767	1	410.401656
768	0	411.404608
769	1	411.434128
770	0	412.505200
771	1	412.534776
772	0	413.537536
773	1	413.567180
774	0	414.638288
775	1	414.667972
776	0	415.670456
777	1	415.700216
778	0	416.771372
779	1	416.801168
780	0	417.803336
781	1	417.833208
782	0	418.904388
783	1	418.934300
784	0	419.936180
785	1	419.966172
786	0	421.037356
787	1	421.067388
788	0	422.068976
789	1	422.099084
790	0	423.170292
791	1	423.200440
792	0	424.201760
793	1	424.231984
794	0	425.303188
795	1	425.333456
796	0	426.334504
797	1	426.364852
798	0	427.436044
799	1	427.466432
800	0	428.467212
801	1	428.497676
802	0	429.568856
803	1	429.599368
804	0	430.599912
805	1	430.630500
806	0	431.701652
807	1	431.732276
808	0	432.732552
809	1	432.763260
810	0	433.834408
811	1	433.865148
812	0	434.865164
813	1	434.895988
814	0	435.967132
815	1	435.997992
816	0	436.997728
817	1	437.028672
818	0	438.099820
819	1	438.130808
820	0	439.130256
821	1	439.161324
822	0	440.232448
823	1	440.263552
824	0	441.262752
825	1	441.293940
826	0	442.365100
827	1	442.396320
828	0	443.395232
829	1	443.426536
830	0	444.497672
831	1	444.529020
832	0	445.527656
833	1	445.559084
834	0	446.630224
835	1	446.661688
836	0	447.660052
837	1	447.691600
838	0	448.762744
839	1	448.794332
840	0	449.792408
841	1	449.824076
842	0	450.895232
843	1	450.926940
844	0	451.924740
845	1	451.956536
846	0	453.027668
847	1	453.059500
848	0	454.057028
849	1	454.088944
850	0	455.160080
851	1	455.192036
852	0	456.189260
853	1	456.221304
854	0	457.292452
855	1	457.324532
856	0	458.321464
857	1	458.353632
858	0	459.424784
859	1	459.456992
860	0	460.453648
861	1	460.485940
862	0	461.557100
863	1	461.589432
864	0	462.585808
865	1	462.618220
866	0	463.689388
867	1	463.721844
868	0	464.717956
869	1	464.750500
870	0	465.821680
871	1	465.854256
872	0	466.850076
873	1	466.882744
874	0	467.953912
875	1	467.986616
876	0	468.982152
877	1	469.014940
878	0	470.086120
879	1	470.118948
880	0	471.114180
881	1	471.147096
882	0	472.218268
883	1	472.251228
884	0	473.246160
885	1	473.279208
886	0	474.350392
887	1	474.383476
888	0	475.378112
889	1	475.411292
890	0	476.482464
891	1	476.515680
892	0	477.510024
893	1	477.543328
894	0	478.614508
895	1	478.647852
896	0	479.641908
897	1	479.675328
898	0	480.746568
899	1	480.780032
900	0	481.773696
901	1	481.807252
902	0	482.878584
903	1	482.912184
904	0	483.905568
905	1	483.939264
906	0	485.010576
907	1	485.044308
908	0	486.037384
909	1	486.071208
910	0	487.142520
911	1	487.176384
912	0	488.169160
913	1	488.203112
914	0	489.274436
915	1	489.308440
916	0	490.300916
917	1	490.335000
918	0	491.406348
919	1	491.440476
920	0	492.432660
921	1	492.466876
922	0	493.538236
923	1	493.572496
924	0	494.564352
925	1	494.598696
926	0	495.670076
927	1	495.704468
928	0	496.696040
929	1	496.730520
930	0	497.801872
931	1	497.836396
932	0	498.827688
933	1	498.862304
934	0	499.933624
935	1	499.968280
936	0	500.959272
937	1	500.994012
938	0	502.065388
939	1	502.100180
940	0	503.090856
941	1	503.125732
942	0	504.197136
943	1	504.232048
944	0	505.222464
945	1	505.257468
946	0	506.328864
947	1	506.363912
948	0	507.354048
949	1	507.389188
950	0	508.460552
951	1	508.495732
952	0	509.485616
953	1	509.520896
954	0	510.592204
955	1	510.627524
956	0	511.617080
957	1	511.652488
958	0	512.723816
959	1	512.759268
960	0	513.748536
961	1	513.784084
962	0	514.855448
963	1	514.891028
964	0	515.879980
965	1	515.915668
966	0	516.987040
967	1	517.022768
968	0	518.011404
969	1	518.047220
970	0	519.118596
971	1	519.154452
972	0	520.142804
973	1	520.178752
974	0	521.250132
975	1	521.286124
976	0	522.274144
977	1	522.310228
978	0	523.381636
979	1	523.417776
980	0	524.405412
981	1	524.441632
982	0	525.513224
983	1	525.549496
984	0	526.536740
985	1	526.573092
986	0	527.644664
987	1	527.681076
988	0	528.667976
989	1	528.704472
990	0	529.776104
991	1	529.812644
992	0	530.799256
993	1	530.835892
994	0	531.907512
995	1	531.944192
996	0	532.930456
997	1	532.967236
998	0	534.038844
999	1	534.075664
1000	0	535.061664
1001	1	535.098580
1002	0	536.170268
1003	1	536.207228
1004	0	537.192808
1005	1	537.229864
1006	0	538.301636
1007	1	538.338744
1008	0	539.324064
1009	1	539.361268
1010	0	540.432968
1011	1	540.470212
1012	0	541.455212
1013	1	541.492552
1014	0	542.564272
1015	1	542.601652
1016	0	543.586288
1017	1	543.623772
1018	0	544.695568
1019	1	544.733092
1020	0	545.717412
1021	1	545.755028
1022	0	546.826824
1023	1	546.864492
1024	0	547.848504
1025	1	547.886268
1026	0	548.958076
1027	1	548.995880
1028	0	549.979560
1029	1	550.017460
1030	0	551.089268
1031	1	551.127224
1032	0	552.110592
1033	1	552.148644
1034	0	553.220440
1035	1	553.258532
1036	0	554.241588
1037	1	554.279784
1038	0	555.351592
1039	1	555.389836
1040	0	556.372588
1041	1	556.410928
1042	0	557.482724
1043	1	557.521116
1044	0	558.503524
1045	1	558.542008
1046	0	559.613824
1047	1	559.652356
1048	0	560.634444
1049	1	560.673084
1050	0	561.744920
1051	1	561.783600
1052	0	562.765360
1053	1	562.804144
1054	0	563.875956
1055	1	563.914788
1056	0	564.896264
1057	1	564.935196
1058	0	566.007024
1059	1	566.046000
1060	0	567.027116
1061	1	567.066188
1062	0	568.138072
1063	1	568.177192
1064	0	569.157952
1065	1	569.197172
1066	0	570.269060
1067	1	570.308324
1068	0	571.288804
1069	1	571.328172
1070	0	572.400040
1071	1	572.439460
1072	0	573.419612
1073	1	573.459132
1074	0	574.530984
1075	1	574.570548
1076	0	575.550384
1077	1	575.590048
1078	0	576.661948
1079	1	576.701660
1080	0	577.681188
1081	1	577.721000
1082	0	578.792860
1083	1	578.832728
1084	0	579.811916
1085	1	579.851884
1086	0	580.923752
1087	1	580.963760
1088	0	581.942668
1089	1	581.982776
1090	0	583.054652
1091	1	583.094808
1092	0	584.073404
1093	1	584.113664
1094	0	585.185524
1095	1	585.225832
1096	0	586.204068
1097	1	586.244480
1098	0	587.316320
1099	1	587.356788
1100	0	588.334696
1101	1	588.375256
1102	0	589.447096
1103	1	589.487720
1104	0	590.465328
1105	1	590.506048
1106	0	591.577880
1107	1	591.618652
1108	0	592.595932
1109	1	592.636808
1110	0	593.708652
1111	1	593.749580
1112	0	594.726508
1113	1	594.767528
1114	0	595.839420
1115	1	595.880492
1116	0	596.857084
1117	1	596.898264
1118	0	597.970148
1119	1	598.011380
1120	0	598.987632
1121	1	599.028964
