#Creator: pendulumSimpleEventBuffer
#Creation time: Wed Mar  2 16:41:55 2016
#Id	Edge	Time
#[]	[b]	[s]

15	1	8.251328
16	0	9.308184
17	1	9.319240
18	0	10.402820
19	1	10.413904
20	0	11.470424
21	1	11.481544
22	0	12.564916
23	1	12.576064
24	0	13.632220
25	1	13.643408
26	0	14.726592
27	1	14.737808
28	0	15.793612
29	1	15.804868
30	0	16.887872
31	1	16.899156
32	0	17.954628
33	1	17.965952
34	0	19.048776
35	1	19.060124
36	0	20.115288
37	1	20.126676
38	0	21.209412
39	1	21.220828
40	0	22.275616
41	1	22.287072
42	0	23.369556
43	1	23.381040
44	0	24.435524
45	1	24.447044
46	0	25.529412
47	1	25.540964
48	0	26.595076
49	1	26.606668
50	0	27.688828
51	1	27.700444
52	0	28.754244
53	1	28.765904
54	0	29.847904
55	1	29.859588
56	0	30.913052
57	1	30.924780
58	0	32.006616
59	1	32.018368
60	0	33.071480
61	1	33.083272
62	0	34.164920
63	1	34.176740
64	0	35.229536
65	1	35.241396
66	0	36.322848
67	1	36.334732
68	0	37.387208
69	1	37.399136
70	0	38.480428
71	1	38.492388
72	0	39.544564
73	1	39.556560
74	0	40.637700
75	1	40.649724
76	0	41.701576
77	1	41.713640
78	0	42.794644
79	1	42.806736
80	0	43.858268
81	1	43.870396
82	0	44.951256
83	1	44.963412
84	0	46.014624
85	1	46.026828
86	0	47.107524
87	1	47.119752
88	0	48.170644
89	1	48.182916
90	0	49.263460
91	1	49.275760
92	0	50.326352
93	1	50.338692
94	0	51.419108
95	1	51.431476
96	0	52.481740
97	1	52.494148
98	0	53.574432
99	1	53.586868
100	0	54.636832
101	1	54.649312
102	0	55.729456
103	1	55.741964
104	0	56.791596
105	1	56.804148
106	0	57.884160
107	1	57.896736
108	0	58.946092
109	1	58.958708
110	0	60.038588
111	1	60.051232
112	0	61.100292
113	1	61.112984
114	0	62.192732
115	1	62.205448
116	0	63.254232
117	1	63.266992
118	0	64.346608
119	1	64.359396
120	0	65.407864
121	1	65.420688
122	0	66.500192
123	1	66.513048
124	0	67.561212
125	1	67.574112
126	0	68.653492
127	1	68.666420
128	0	69.714292
129	1	69.727260
130	0	70.806480
131	1	70.819480
132	0	71.867108
133	1	71.880148
134	0	72.959260
135	1	72.972332
136	0	74.019628
137	1	74.032740
138	0	75.111728
139	1	75.124868
140	0	76.171872
141	1	76.185056
142	0	77.263932
143	1	77.277144
144	0	78.323864
145	1	78.337116
146	0	79.415884
147	1	79.429168
148	0	80.475600
149	1	80.488924
150	0	81.567580
151	1	81.580936
152	0	82.627076
153	1	82.640472
154	0	83.719020
155	1	83.732444
156	0	84.778296
157	1	84.791768
158	0	85.870220
159	1	85.883716
160	0	86.929284
161	1	86.942824
162	0	88.021176
163	1	88.034744
164	0	89.080036
165	1	89.093652
166	0	90.171892
167	1	90.185536
168	0	91.230544
169	1	91.244232
170	0	92.322364
171	1	92.336080
172	0	93.380808
173	1	93.394568
174	0	94.472608
175	1	94.486392
176	0	95.530868
177	1	95.544700
178	0	96.622640
179	1	96.636500
180	0	97.680696
181	1	97.694600
182	0	98.772444
183	1	98.786376
184	0	99.830296
185	1	99.844276
186	0	100.922020
187	1	100.936028
188	0	101.979660
189	1	101.993708
190	0	103.071368
191	1	103.085448
192	0	104.128800
193	1	104.142924
194	0	105.220480
195	1	105.234636
196	0	106.277720
197	1	106.291920
198	0	107.369372
199	1	107.383604
200	0	108.426412
201	1	108.440684
202	0	109.518052
203	1	109.532360
204	0	110.574900
205	1	110.589248
206	0	111.666524
207	1	111.680900
208	0	112.723164
209	1	112.737588
210	0	113.814780
211	1	113.829228
212	0	114.871240
213	1	114.885732
214	0	115.962836
215	1	115.977360
216	0	117.019104
217	1	117.033676
218	0	118.110692
219	1	118.125292
220	0	119.166772
221	1	119.181420
222	0	120.258352
223	1	120.273028
224	0	121.314244
225	1	121.328968
226	0	122.405816
227	1	122.420564
228	0	123.461504
229	1	123.476300
230	0	124.553076
231	1	124.567904
232	0	125.608580
233	1	125.623452
234	0	126.700148
235	1	126.715052
236	0	127.755460
237	1	127.770404
238	0	128.847032
239	1	128.862008
240	0	129.902156
241	1	129.917180
242	0	130.993724
243	1	131.008776
244	0	132.048664
245	1	132.063764
246	0	133.140232
247	1	133.155364
248	0	134.194988
249	1	134.210164
250	0	135.286548
251	1	135.301756
252	0	136.341120
253	1	136.356372
254	0	137.432672
255	1	137.447956
256	0	138.487068
257	1	138.502400
258	0	139.578632
259	1	139.593988
260	0	140.632832
261	1	140.648240
262	0	141.724404
263	1	141.739844
264	0	142.778420
265	1	142.793904
266	0	143.870000
267	1	143.885516
268	0	144.923836
269	1	144.939396
270	0	146.015432
271	1	146.031024
272	0	147.069076
273	1	147.084716
274	0	148.160688
275	1	148.176360
276	0	149.214148
277	1	149.229864
278	0	150.305780
279	1	150.321528
280	0	151.359064
281	1	151.374860
282	0	152.450716
283	1	152.466540
284	0	153.503800
285	1	153.519676
286	0	154.595512
287	1	154.611420
288	0	155.648420
289	1	155.664368
290	0	156.740140
291	1	156.756120
292	0	157.792864
293	1	157.808896
294	0	158.884588
295	1	158.900648
296	0	159.937136
297	1	159.953248
298	0	161.028888
299	1	161.045032
300	0	162.081260
301	1	162.097452
302	0	163.173024
303	1	163.189244
304	0	164.225244
305	1	164.241512
306	0	165.317032
307	1	165.333328
308	0	166.369048
309	1	166.385396
310	0	167.460860
311	1	167.477240
312	0	168.512696
313	1	168.529124
314	0	169.604540
315	1	169.621000
316	0	170.656204
317	1	170.672708
318	0	171.748072
319	1	171.764612
320	0	172.799552
321	1	172.816140
322	0	173.891436
323	1	173.908056
324	0	174.942752
325	1	174.959424
326	0	176.034668
327	1	176.051368
328	0	177.085832
329	1	177.102584
330	0	178.177772
331	1	178.194552
332	0	179.228780
333	1	179.245608
334	0	180.320732
335	1	180.337592
336	0	181.371556
337	1	181.388468
338	0	182.463560
339	1	182.480500
340	0	183.514204
341	1	183.531196
342	0	184.606216
343	1	184.623240
344	0	185.656708
345	1	185.673784
346	0	186.748760
347	1	186.765868
348	0	187.799088
349	1	187.816248
350	0	188.891164
351	1	188.908352
352	0	189.941332
353	1	189.958572
354	0	191.033448
355	1	191.050716
356	0	192.083452
357	1	192.100772
358	0	193.175612
359	1	193.192968
360	0	194.225424
361	1	194.242824
362	0	195.317628
363	1	195.335064
364	0	196.367288
365	1	196.384776
366	0	197.459500
367	1	197.477020
368	0	198.509008
369	1	198.526576
370	0	199.601268
371	1	199.618872
372	0	200.650636
373	1	200.668284
374	0	201.742896
375	1	201.760580
376	0	202.792076
377	1	202.809812
378	0	203.884408
379	1	203.902176
380	0	204.933408
381	1	204.951228
382	0	206.025780
383	1	206.043632
384	0	207.074612
385	1	207.092520
386	0	208.167040
387	1	208.184976
388	0	209.215700
389	1	209.233688
390	0	210.308168
391	1	210.326188
392	0	211.356668
393	1	211.374740
394	0	212.449176
395	1	212.467284
396	0	213.497524
397	1	213.515684
398	0	214.590072
399	1	214.608264
400	0	215.638264
401	1	215.656508
402	0	216.730880
403	1	216.749156
404	0	217.778884
405	1	217.797212
406	0	218.871560
407	1	218.889924
408	0	219.919416
409	1	219.937828
410	0	221.012136
411	1	221.030580
412	0	222.059836
413	1	222.078336
414	0	223.152604
415	1	223.171136
416	0	224.200144
417	1	224.218724
418	0	225.292936
419	1	225.311548
420	0	226.340340
421	1	226.359004
422	0	227.433180
423	1	227.451876
424	0	228.480404
425	1	228.499160
426	0	229.573304
427	1	229.592088
428	0	230.620372
429	1	230.639216
430	0	231.713316
431	1	231.732188
432	0	232.760248
433	1	232.779172
434	0	233.853220
435	1	233.872180
436	0	234.900008
437	1	234.919020
438	0	235.993024
439	1	236.012072
440	0	237.039648
441	1	237.058748
442	0	238.132732
443	1	238.151864
444	0	239.179188
445	1	239.198376
446	0	240.272328
447	1	240.291548
448	0	241.318628
449	1	241.337900
450	0	242.411820
451	1	242.431132
452	0	243.457980
453	1	243.477340
454	0	244.551224
455	1	244.570620
456	0	245.597228
457	1	245.616676
458	0	246.690544
459	1	246.710024
460	0	247.736384
461	1	247.755920
462	0	248.829740
463	1	248.849308
464	0	249.875420
465	1	249.895044
466	0	250.968840
467	1	250.988496
468	0	252.014348
469	1	252.034060
470	0	253.107820
471	1	253.127568
472	0	254.153176
473	1	254.172976
474	0	255.246716
475	1	255.266552
476	0	256.291920
477	1	256.311808
478	0	257.385532
479	1	257.405456
480	0	258.430588
481	1	258.450568
482	0	259.524260
483	1	259.544272
484	0	260.569160
485	1	260.589228
486	0	261.662916
487	1	261.683020
488	0	262.707656
489	1	262.727812
490	0	263.801496
491	1	263.821688
492	0	264.846072
493	1	264.866320
494	0	265.939968
495	1	265.960256
496	0	266.984400
497	1	267.004744
498	0	268.078372
499	1	268.098744
500	0	269.122640
501	1	269.143072
502	0	270.216672
503	1	270.237136
504	0	271.260772
505	1	271.281292
506	0	272.354876
507	1	272.375432
508	0	273.398820
509	1	273.419432
510	0	274.492984
511	1	274.513628
512	0	275.536760
513	1	275.557468
514	0	276.631004
515	1	276.651740
516	0	277.674612
517	1	277.695404
518	0	278.768924
519	1	278.789752
520	0	279.812368
521	1	279.833252
522	0	280.906752
523	1	280.927672
524	0	281.950048
525	1	281.971024
526	0	283.044508
527	1	283.065524
528	0	284.087664
529	1	284.108736
530	0	285.182200
531	1	285.203304
532	0	286.225184
533	1	286.246344
534	0	287.319804
535	1	287.341000
536	0	288.362640
537	1	288.383896
538	0	289.457328
539	1	289.478624
540	0	290.500016
541	1	290.521364
542	0	291.594772
543	1	291.616156
544	0	292.637284
545	1	292.658728
546	0	293.732128
547	1	293.753604
548	0	294.774472
549	1	294.796008
550	0	295.869460
551	1	295.891032
552	0	296.911612
553	1	296.933236
554	0	298.006672
555	1	298.028336
556	0	299.048660
557	1	299.070384
558	0	300.143804
559	1	300.165568
560	0	301.185640
561	1	301.207460
562	0	302.280860
563	1	302.302712
564	0	303.322556
565	1	303.344468
566	0	304.417836
567	1	304.439784
568	0	305.459392
569	1	305.481396
570	0	306.554764
571	1	306.576800
572	0	307.596168
573	1	307.618268
574	0	308.691624
575	1	308.713760
576	0	309.732892
577	1	309.755088
578	0	310.828416
579	1	310.850652
580	0	311.869524
581	1	311.891816
582	0	312.965140
583	1	312.987468
584	0	314.006084
585	1	314.028468
586	0	315.101784
587	1	315.124208
588	0	316.142580
589	1	316.165064
590	0	317.238336
591	1	317.260860
592	0	318.279020
593	1	318.301600
594	0	319.374820
595	1	319.397440
596	0	320.415380
597	1	320.438056
598	0	321.511236
599	1	321.533944
600	0	322.551676
601	1	322.574448
602	0	323.647568
603	1	323.670380
604	0	324.687864
605	1	324.710732
606	0	325.783860
607	1	325.806768
608	0	326.823996
609	1	326.846964
610	0	327.920072
611	1	327.943076
612	0	328.960052
613	1	328.983116
614	0	330.056224
615	1	330.079324
616	0	331.096044
617	1	331.119204
618	0	332.192344
619	1	332.215544
620	0	333.232000
621	1	333.255260
622	0	334.328372
623	1	334.351668
624	0	335.367912
625	1	335.391260
626	0	336.464376
627	1	336.487772
628	0	337.503744
629	1	337.527200
630	0	338.600284
631	1	338.623780
632	0	339.639468
633	1	339.663028
634	0	340.736104
635	1	340.759696
636	0	341.775128
637	1	341.798784
638	0	342.871856
639	1	342.895548
640	0	343.910748
641	1	343.934504
642	0	345.007564
643	1	345.031360
644	0	346.046332
645	1	346.070180
646	0	347.143212
647	1	347.167100
648	0	348.181832
649	1	348.205788
650	0	349.278788
651	1	349.302780
652	0	350.317284
653	1	350.341336
654	0	351.414328
655	1	351.438420
656	0	352.452668
657	1	352.476816
658	0	353.549796
659	1	353.573984
660	0	354.587984
661	1	354.612240
662	0	355.685192
663	1	355.709484
664	0	356.723240
665	1	356.747592
666	0	357.820552
667	1	357.844944
668	0	358.858452
669	1	358.882908
670	0	359.955852
671	1	359.980348
672	0	360.993600
673	1	361.018156
674	0	362.091100
675	1	362.115696
676	0	363.128692
677	1	363.153356
678	0	364.226288
679	1	364.250988
680	0	365.263740
681	1	365.288500
682	0	366.361412
683	1	366.386212
684	0	367.398720
685	1	367.423588
686	0	368.496496
687	1	368.521400
688	0	369.533648
689	1	369.558616
690	0	370.631508
691	1	370.656516
692	0	371.668512
693	1	371.693584
694	0	372.766464
695	1	372.791576
696	0	373.803312
697	1	373.828488
698	0	374.901352
699	1	374.926568
700	0	375.938076
701	1	375.963352
702	0	377.036220
703	1	377.061536
704	0	378.072776
705	1	378.098164
706	0	379.171028
707	1	379.196456
708	0	380.207448
709	1	380.232936
710	0	381.305768
711	1	381.331300
712	0	382.342056
713	1	382.367640
714	0	383.440444
715	1	383.466076
716	0	384.476584
717	1	384.502284
718	0	385.575088
719	1	385.600828
720	0	386.611076
721	1	386.636884
722	0	387.709692
723	1	387.735540
724	0	388.745516
725	1	388.771432
726	0	389.844252
727	1	389.870200
728	0	390.879912
729	1	390.905928
730	0	391.978736
731	1	392.004796
732	0	393.014248
733	1	393.040376
734	0	394.113188
735	1	394.139352
736	0	395.148532
737	1	395.174756
738	0	396.247592
739	1	396.273856
740	0	397.282776
741	1	397.309112
742	0	398.381936
743	1	398.408312
744	0	399.416968
745	1	399.443408
746	0	400.516248
747	1	400.542728
748	0	401.551120
749	1	401.577664
750	0	402.650520
751	1	402.677104
752	0	403.685236
753	1	403.711896
754	0	404.784728
755	1	404.811428
756	0	405.819288
757	1	405.846052
758	0	406.918868
759	1	406.945676
760	0	407.953288
761	1	407.980160
762	0	409.052976
763	1	409.079892
764	0	410.087240
765	1	410.114224
766	0	411.187056
767	1	411.214080
768	0	412.221160
769	1	412.248248
770	0	413.321096
771	1	413.348228
772	0	414.355028
773	1	414.382224
774	0	415.455064
775	1	415.482304
776	0	416.488840
777	1	416.516148
778	0	417.589024
779	1	417.616380
780	0	418.622592
781	1	418.650012
782	0	419.722884
783	1	419.750348
784	0	420.756312
785	1	420.783840
786	0	421.856720
787	1	421.884292
788	0	422.889976
789	1	422.917620
790	0	423.990500
791	1	424.018180
792	0	425.023612
793	1	425.051364
794	0	426.124244
795	1	426.152040
796	0	427.157192
797	1	427.185052
798	0	428.257960
799	1	428.285868
800	0	429.290780
801	1	429.318756
802	0	430.391636
803	1	430.419656
804	0	431.424248
805	1	431.452332
806	0	432.525288
807	1	432.553412
808	0	433.557704
809	1	433.585904
810	0	434.658908
811	1	434.687148
812	0	435.691176
813	1	435.719484
814	0	436.792476
815	1	436.820832
816	0	437.824672
817	1	437.853100
818	0	438.926084
819	1	438.954556
820	0	439.958012
821	1	439.986556
822	0	441.059468
823	1	441.088056
824	0	442.091248
825	1	442.119908
826	0	443.192844
827	1	443.221544
828	0	444.224552
829	1	444.253332
830	0	445.326224
831	1	445.355044
832	0	446.357812
833	1	446.386704
834	0	447.459552
835	1	447.488488
836	0	448.490948
837	1	448.519960
838	0	449.592892
839	1	449.621940
840	0	450.624132
841	1	450.653248
842	0	451.726168
843	1	451.755328
844	0	452.757176
845	1	452.786420
846	0	453.859320
847	1	453.888596
848	0	454.890228
849	1	454.919584
850	0	455.992464
851	1	456.021868
852	0	457.023212
853	1	457.052684
854	0	458.125576
855	1	458.155092
856	0	459.156160
857	1	459.185752
858	0	460.258644
859	1	460.288276
860	0	461.289084
861	1	461.318792
862	0	462.391684
863	1	462.421444
864	0	463.421968
865	1	463.451792
866	0	464.524680
867	1	464.554552
868	0	465.554820
869	1	465.584768
870	0	466.657648
871	1	466.687640
872	0	467.687632
873	1	467.717704
874	0	468.790596
875	1	468.820708
876	0	469.820420
877	1	469.850600
878	0	470.923504
879	1	470.953732
880	0	471.953160
881	1	471.983464
882	0	473.056408
883	1	473.086752
884	0	474.085860
885	1	474.116284
886	0	475.189220
887	1	475.219688
888	0	476.218492
889	1	476.249044
890	0	477.322052
891	1	477.352644
892	0	478.351088
893	1	478.381756
894	0	479.454792
895	1	479.485508
896	0	480.483684
897	1	480.514476
898	0	481.587516
899	1	481.618356
900	0	482.616228
901	1	482.647140
902	0	483.720140
903	1	483.751092
904	0	484.748820
905	1	484.779852
906	0	485.852784
907	1	485.883860
908	0	486.881300
909	1	486.912452
910	0	487.985392
911	1	488.016596
912	0	489.013744
913	1	489.045024
914	0	490.117992
915	1	490.149316
916	0	491.146196
917	1	491.177596
918	0	492.250568
919	1	492.282016
920	0	493.278588
921	1	493.310116
922	0	494.383108
923	1	494.414672
924	0	495.410980
925	1	495.442628
926	0	496.515620
927	1	496.547320
928	0	497.543308
929	1	497.575076
930	0	498.648088
931	1	498.679904
932	0	499.675604
933	1	499.707500
934	0	500.780524
935	1	500.812472
936	0	501.807860
937	1	501.839880
938	0	502.912968
939	1	502.945032
940	0	503.940116
941	1	503.972244
942	0	505.045356
943	1	505.077544
944	0	506.072336
945	1	506.104604
946	0	507.177704
947	1	507.210012
948	0	508.204512
949	1	508.236900
950	0	509.310012
951	1	509.342436
952	0	510.336656
953	1	510.369176
954	0	511.442296
955	1	511.474864
956	0	512.468768
957	1	512.501408
958	0	513.574576
959	1	513.607268
960	0	514.600784
961	1	514.633568
962	0	515.706732
963	1	515.739548
964	0	516.732876
965	1	516.765772
966	0	517.838944
967	1	517.871888
968	0	518.864912
969	1	518.897936
970	0	519.971112
971	1	520.004192
972	0	520.996908
973	1	521.030056
974	0	522.103284
975	1	522.136484
976	0	523.128896
977	1	523.162172
978	0	524.235344
979	1	524.268676
980	0	525.260864
981	1	525.294268
982	0	526.367464
983	1	526.400920
984	0	527.392788
985	1	527.426324
986	0	528.499532
987	1	528.533108
988	0	529.524672
989	1	529.558336
990	0	530.631552
991	1	530.665264
992	0	531.656560
993	1	531.690352
994	0	532.763556
995	1	532.797400
996	0	533.788412
997	1	533.822340
998	0	534.895556
999	1	534.929532
1000	0	535.920200
1001	1	535.954240
1002	0	537.027560
1003	1	537.061660
1004	0	538.051960
1005	1	538.086144
1006	0	539.159464
1007	1	539.193696
1008	0	540.183716
1009	1	540.218036
1010	0	541.291352
1011	1	541.325724
1012	0	542.315484
1013	1	542.349928
1014	0	543.423160
1015	1	543.457656
1016	0	544.447172
1017	1	544.481748
1018	0	545.554996
1019	1	545.589628
1020	0	546.578828
1021	1	546.613540
1022	0	547.686784
1023	1	547.721548
1024	0	548.710468
1025	1	548.745312
1026	0	549.818568
1027	1	549.853456
1028	0	550.842060
1029	1	550.877036
1030	0	551.950308
1031	1	551.985336
1032	0	552.973636
1033	1	553.008748
1034	0	554.082048
1035	1	554.117216
1036	0	555.105132
1037	1	555.140384
1038	0	556.213704
1039	1	556.249004
1040	0	557.236624
1041	1	557.272012
1042	0	558.345336
1043	1	558.380760
1044	0	559.368188
1045	1	559.403708
1046	0	560.476900
1047	1	560.512464
1048	0	561.499592
1049	1	561.535232
1050	0	562.608592
1051	1	562.644292
1052	0	563.631048
1053	1	563.666824
1054	0	564.740220
1055	1	564.776060
1056	0	565.762464
1057	1	565.798392
1058	0	566.871760
1059	1	566.907744
1060	0	567.893848
1061	1	567.929916
1062	0	569.003308
1063	1	569.039424
1064	0	570.025220
1065	1	570.061428
1066	0	571.134868
1067	1	571.171124
1068	0	572.156520
1069	1	572.192864
1070	0	573.266348
1071	1	573.302748
1072	0	574.287848
1073	1	574.324336
1074	0	575.397796
1075	1	575.434332
1076	0	576.419168
1077	1	576.455792
1078	0	577.529244
1079	1	577.565916
1080	0	578.550364
1081	1	578.587128
1082	0	579.660696
1083	1	579.697516
1084	0	580.681580
1085	1	580.718488
1086	0	581.792064
1087	1	581.829024
1088	0	582.812720
1089	1	582.849772
1090	0	583.923412
1091	1	583.960516
1092	0	584.943908
1093	1	584.981088
1094	0	586.054752
1095	1	586.092004
1096	0	587.075040
1097	1	587.112372
1098	0	588.186028
1099	1	588.223416
1100	0	589.206136
1101	1	589.243624
1102	0	590.317292
1103	1	590.354844
1104	0	591.337188
1105	1	591.374824
1106	0	592.448556
1107	1	592.486244
1108	0	593.468292
1109	1	593.506060
1110	0	594.579848
1111	1	594.617680
1112	0	595.599356
1113	1	595.637276
1114	0	596.711080
1115	1	596.749060
1116	0	597.730400
1117	1	597.768464
1118	0	598.842268
1119	1	598.880388
1120	0	599.861384
1121	1	599.899588
