#Creator: pendulumSimpleEventBuffer
#Creation time: Wed Mar  2 16:41:55 2016
#Id	Edge	Time
#[]	[b]	[s]
15	1	8.300116
16	0	9.363904
17	1	9.373800
18	0	10.461504
19	1	10.471428
20	0	11.534800
21	1	11.544760
22	0	12.632204
23	1	12.642192
24	0	13.705148
25	1	13.715176
26	0	14.802380
27	1	14.812432
28	0	15.874980
29	1	15.885068
30	0	16.972016
31	1	16.982132
32	0	18.044264
33	1	18.054416
34	0	19.141116
35	1	19.151296
36	0	20.213024
37	1	20.223240
38	0	21.309668
39	1	21.319912
40	0	22.381240
41	1	22.391520
42	0	23.477728
43	1	23.488032
44	0	24.548972
45	1	24.559316
46	0	25.645288
47	1	25.655656
48	0	26.716228
49	1	26.726636
50	0	27.812372
51	1	27.822808
52	0	28.882980
53	1	28.893456
54	0	29.978964
55	1	29.989464
56	0	31.049248
57	1	31.059788
58	0	32.145060
59	1	32.155628
60	0	33.215016
61	1	33.225624
62	0	34.310668
63	1	34.321300
64	0	35.380324
65	1	35.390996
66	0	36.475804
67	1	36.486504
68	0	37.545160
69	1	37.555900
70	0	38.640464
71	1	38.651228
72	0	39.709520
73	1	39.720320
74	0	40.804668
75	1	40.815496
76	0	41.873388
77	1	41.884256
78	0	42.968376
79	1	42.979268
80	0	44.036820
81	1	44.047756
82	0	45.131664
83	1	45.142620
84	0	46.199828
85	1	46.210824
86	0	47.294560
87	1	47.305584
88	0	48.362428
89	1	48.373488
90	0	49.457044
91	1	49.468136
92	0	50.524636
93	1	50.535768
94	0	51.619140
95	1	51.630300
96	0	52.686444
97	1	52.697636
98	0	53.780828
99	1	53.792048
100	0	54.847860
101	1	54.859120
102	0	55.942124
103	1	55.953412
104	0	57.008880
105	1	57.020208
106	0	58.103016
107	1	58.114368
108	0	59.169488
109	1	59.180884
110	0	60.263512
111	1	60.274932
112	0	61.329708
113	1	61.341168
114	0	62.423616
115	1	62.435108
116	0	63.489516
117	1	63.501048
118	0	64.583324
119	1	64.594876
120	0	65.648960
121	1	65.660556
122	0	66.742656
123	1	66.754280
124	0	67.808040
125	1	67.819704
126	0	68.901632
127	1	68.913324
128	0	69.966752
129	1	69.978484
130	0	71.060264
131	1	71.072028
132	0	72.125144
133	1	72.136944
134	0	73.218576
135	1	73.230400
136	0	74.283196
137	1	74.295060
138	0	75.376536
139	1	75.388428
140	0	76.440900
141	1	76.452836
142	0	77.534156
143	1	77.546116
144	0	78.598268
145	1	78.610272
146	0	79.691432
147	1	79.703464
148	0	80.755284
149	1	80.767360
150	0	81.848360
151	1	81.860464
152	0	82.911956
153	1	82.924096
154	0	84.004944
155	1	84.017112
156	0	85.068292
157	1	85.080500
158	0	86.161180
159	1	86.173420
160	0	87.224280
161	1	87.236560
162	0	88.317092
163	1	88.329396
164	0	89.379952
165	1	89.392300
166	0	90.472692
167	1	90.485068
168	0	91.535324
169	1	91.547740
170	0	92.627996
171	1	92.640440
172	0	93.690388
173	1	93.702876
174	0	94.782988
175	1	94.795500
176	0	95.845172
177	1	95.857728
178	0	96.937696
179	1	96.950280
180	0	97.999680
181	1	98.012308
182	0	99.092132
183	1	99.104788
184	0	100.153892
185	1	100.166588
186	0	101.246268
187	1	101.258996
188	0	102.307792
189	1	102.320556
190	0	103.400112
191	1	103.412908
192	0	104.461416
193	1	104.474252
194	0	105.553684
195	1	105.566548
196	0	106.614736
197	1	106.627644
198	0	107.706948
199	1	107.719880
200	0	108.767776
201	1	108.780756
202	0	109.859940
203	1	109.872948
204	0	110.920556
205	1	110.933604
206	0	112.012688
207	1	112.025768
208	0	113.073080
209	1	113.086204
210	0	114.165152
211	1	114.178300
212	0	115.225340
213	1	115.238532
214	0	116.317364
215	1	116.330584
216	0	117.377320
217	1	117.390584
218	0	118.469308
219	1	118.482600
220	0	119.529048
221	1	119.542384
222	0	120.620980
223	1	120.634348
224	0	121.680512
225	1	121.693924
226	0	122.772400
227	1	122.785840
228	0	123.831720
229	1	123.845204
230	0	124.923596
231	1	124.937108
232	0	125.982692
233	1	125.996244
234	0	127.074540
235	1	127.088124
236	0	128.133408
237	1	128.147036
238	0	129.225236
239	1	129.238896
240	0	130.283900
241	1	130.297600
242	0	131.375696
243	1	131.389428
244	0	132.434152
245	1	132.447924
246	0	133.525912
247	1	133.539716
248	0	134.584168
249	1	134.598012
250	0	135.675900
251	1	135.689776
252	0	136.733928
253	1	136.747848
254	0	137.825644
255	1	137.839592
256	0	138.883472
257	1	138.897468
258	0	139.975164
259	1	139.989188
260	0	141.032796
261	1	141.046856
262	0	142.124480
263	1	142.138572
264	0	143.181908
265	1	143.196048
266	0	144.273552
267	1	144.287724
268	0	145.330788
269	1	145.345000
270	0	146.422420
271	1	146.436660
272	0	147.479472
273	1	147.493760
274	0	148.571092
275	1	148.585412
276	0	149.627968
277	1	149.642332
278	0	150.719564
279	1	150.733960
280	0	151.776252
281	1	151.790688
282	0	152.867832
283	1	152.882300
284	0	153.924332
285	1	153.938844
286	0	155.015920
287	1	155.030460
288	0	156.072204
289	1	156.086796
290	0	157.163796
291	1	157.178416
292	0	158.219900
293	1	158.234560
294	0	159.311480
295	1	159.326172
296	0	160.367400
297	1	160.382136
298	0	161.458988
299	1	161.473756
300	0	162.514680
301	1	162.529488
302	0	163.606256
303	1	163.621104
304	0	164.661740
305	1	164.676632
306	0	165.753324
307	1	165.768248
308	0	166.808632
309	1	166.823596
310	0	167.900200
311	1	167.915200
312	0	168.955324
313	1	168.970368
314	0	170.046884
315	1	170.061956
316	0	171.101820
317	1	171.116940
318	0	172.193356
319	1	172.208504
320	0	173.248092
321	1	173.263288
322	0	174.339624
323	1	174.354848
324	0	175.394176
325	1	175.409448
326	0	176.485720
327	1	176.501020
328	0	177.540100
329	1	177.555448
330	0	178.631640
331	1	178.647020
332	0	179.685856
333	1	179.701280
334	0	180.777388
335	1	180.792844
336	0	181.831448
337	1	181.846952
338	0	182.922976
339	1	182.938504
340	0	183.976884
341	1	183.992464
342	0	185.068404
343	1	185.084016
344	0	186.122136
345	1	186.137792
346	0	187.213676
347	1	187.229364
348	0	188.267228
349	1	188.282964
350	0	189.358768
351	1	189.374532
352	0	190.412140
353	1	190.427952
354	0	191.503692
355	1	191.519536
356	0	192.556888
357	1	192.572780
358	0	193.648452
359	1	193.664372
360	0	194.701472
361	1	194.717440
362	0	195.793036
363	1	195.809040
364	0	196.845868
365	1	196.861920
366	0	197.937500
367	1	197.953584
368	0	198.990144
369	1	199.006276
370	0	200.081776
371	1	200.097940
372	0	201.134272
373	1	201.150480
374	0	202.225920
375	1	202.242160
376	0	203.278248
377	1	203.294536
378	0	204.369928
379	1	204.386248
380	0	205.422092
381	1	205.438460
382	0	206.513800
383	1	206.530200
384	0	207.565776
385	1	207.582220
386	0	208.657508
387	1	208.673984
388	0	209.709304
389	1	209.725828
390	0	210.801068
391	1	210.817628
392	0	211.852664
393	1	211.869272
394	0	212.944456
395	1	212.961092
396	0	213.995876
397	1	214.012564
398	0	215.087684
399	1	215.104404
400	0	216.138944
401	1	216.155712
402	0	217.230780
403	1	217.247576
404	0	218.281876
405	1	218.298724
406	0	219.373720
407	1	219.390600
408	0	220.424644
409	1	220.441568
410	0	221.516516
411	1	221.533476
412	0	222.567268
413	1	222.584276
414	0	223.659172
415	1	223.676216
416	0	224.709764
417	1	224.726856
418	0	225.801696
419	1	225.818824
420	0	226.852100
421	1	226.869272
422	0	227.944104
423	1	227.961308
424	0	228.994344
425	1	229.011600
426	0	230.086360
427	1	230.103648
428	0	231.136456
429	1	231.153792
430	0	232.228500
431	1	232.245872
432	0	233.278416
433	1	233.295836
434	0	234.370504
435	1	234.387952
436	0	235.420252
437	1	235.437752
438	0	236.512376
439	1	236.529908
440	0	237.561972
441	1	237.579556
442	0	238.654140
443	1	238.671756
444	0	239.703576
445	1	239.721244
446	0	240.795788
447	1	240.813488
448	0	241.845064
449	1	241.862816
450	0	242.937300
451	1	242.955088
452	0	243.986428
453	1	244.004260
454	0	245.078696
455	1	245.096564
456	0	246.127648
457	1	246.145568
458	0	247.219960
459	1	247.237912
460	0	248.268748
461	1	248.286752
462	0	249.361092
463	1	249.379128
464	0	250.409724
465	1	250.427812
466	0	251.502112
467	1	251.520232
468	0	252.550600
469	1	252.568768
470	0	253.643036
471	1	253.661240
472	0	254.691348
473	1	254.709600
474	0	255.783852
475	1	255.802136
476	0	256.831996
477	1	256.850332
478	0	257.924548
479	1	257.942920
480	0	258.972524
481	1	258.990948
482	0	260.065108
483	1	260.083564
484	0	261.112948
485	1	261.131456
486	0	262.205576
487	1	262.224112
488	0	263.253256
489	1	263.271848
490	0	264.345936
491	1	264.364564
492	0	265.393452
493	1	265.412132
494	0	266.486180
495	1	266.504896
496	0	267.533544
497	1	267.552308
498	0	268.626336
499	1	268.645136
500	0	269.673524
501	1	269.692376
502	0	270.766372
503	1	270.785260
504	0	271.813404
505	1	271.832344
506	0	272.906308
507	1	272.925280
508	0	273.953172
509	1	273.972220
510	0	275.046096
511	1	275.065152
512	0	276.092804
513	1	276.111916
514	0	277.185796
515	1	277.204944
516	0	278.232344
517	1	278.251544
518	0	279.325388
519	1	279.344624
520	0	280.371780
521	1	280.391068
522	0	281.464892
523	1	281.484220
524	0	282.511132
525	1	282.530504
526	0	283.604316
527	1	283.623728
528	0	284.650392
529	1	284.669856
530	0	285.743640
531	1	285.763136
532	0	286.789552
533	1	286.809104
534	0	287.882844
535	1	287.902432
536	0	288.928612
537	1	288.948248
538	0	290.021948
539	1	290.041628
540	0	291.067580
541	1	291.087312
542	0	292.160960
543	1	292.180724
544	0	293.206416
545	1	293.226236
546	0	294.299884
547	1	294.319736
548	0	295.345172
549	1	295.365076
550	0	296.438680
551	1	296.458620
552	0	297.483812
553	1	297.503808
554	0	298.577392
555	1	298.597424
556	0	299.622368
557	1	299.642452
558	0	300.716040
559	1	300.736160
560	0	301.760844
561	1	301.781020
562	0	302.854572
563	1	302.874784
564	0	303.899232
565	1	303.919496
566	0	304.993032
567	1	305.013336
568	0	306.037544
569	1	306.057896
570	0	307.131428
571	1	307.151820
572	0	308.175784
573	1	308.196228
574	0	309.269720
575	1	309.290200
576	0	310.313928
577	1	310.334468
578	0	311.407940
579	1	311.428512
580	0	312.451964
581	1	312.472592
582	0	313.546056
583	1	313.566720
584	0	314.589928
585	1	314.610648
586	0	315.684096
587	1	315.704848
588	0	316.727820
589	1	316.748624
590	0	317.822064
591	1	317.842904
592	0	318.865628
593	1	318.886528
594	0	319.959928
595	1	319.980864
596	0	321.003340
597	1	321.024332
598	0	322.097712
599	1	322.118736
600	0	323.140960
601	1	323.162044
602	0	324.235416
603	1	324.256540
604	0	325.278520
605	1	325.299692
606	0	326.373048
607	1	326.394256
608	0	327.416008
609	1	327.437276
610	0	328.510616
611	1	328.531920
612	0	329.553420
613	1	329.574784
614	0	330.648104
615	1	330.669496
616	0	331.690744
617	1	331.712196
618	0	332.785508
619	1	332.806996
620	0	333.828008
621	1	333.849556
622	0	334.922820
623	1	334.944404
624	0	335.965180
625	1	335.986816
626	0	337.060068
627	1	337.081740
628	0	338.102272
629	1	338.124000
630	0	339.197224
631	1	339.218988
632	0	340.239288
633	1	340.261108
634	0	341.334328
635	1	341.356188
636	0	342.376228
637	1	342.398140
638	0	343.471344
639	1	343.493296
640	0	344.513088
641	1	344.535104
642	0	345.608284
643	1	345.630332
644	0	346.649880
645	1	346.671988
646	0	347.745164
647	1	347.767308
648	0	348.786612
649	1	348.808812
650	0	349.881964
651	1	349.904204
652	0	350.923264
653	1	350.945568
654	0	352.018708
655	1	352.041040
656	0	353.059848
657	1	353.082236
658	0	354.155360
659	1	354.177792
660	0	355.196368
661	1	355.218860
662	0	356.291944
663	1	356.314468
664	0	357.332788
665	1	357.355372
666	0	358.428480
667	1	358.451096
668	0	359.469152
669	1	359.491836
670	0	360.564916
671	1	360.587636
672	0	361.605444
673	1	361.628224
674	0	362.701300
675	1	362.724120
676	0	363.741688
677	1	363.764568
678	0	364.837608
679	1	364.860520
680	0	365.877820
681	1	365.900792
682	0	366.973868
683	1	366.996872
684	0	368.013692
685	1	368.036704
686	0	369.110508
687	1	369.133580
688	0	370.149444
689	1	370.172580
690	0	371.246588
691	1	371.269760
692	0	372.285380
693	1	372.308612
694	0	373.382608
695	1	373.405876
696	0	374.421248
697	1	374.444580
698	0	375.518572
699	1	375.541940
700	0	376.557080
701	1	376.580504
702	0	377.654476
703	1	377.677944
704	0	378.692836
705	1	378.716364
706	0	379.790328
707	1	379.813892
708	0	380.828532
709	1	380.852156
710	0	381.926120
711	1	381.949788
712	0	382.964168
713	1	382.987896
714	0	384.061860
715	1	384.085628
716	0	385.099748
717	1	385.123576
718	0	386.197524
719	1	386.221384
720	0	387.235276
721	1	387.259200
722	0	388.333140
723	1	388.357108
724	0	389.370740
725	1	389.394760
726	0	390.468700
727	1	390.492768
728	0	391.506144
729	1	391.530268
730	0	392.604204
731	1	392.628368
732	0	393.641472
733	1	393.665696
734	0	394.739632
735	1	394.763896
736	0	395.776752
737	1	395.801080
738	0	396.875000
739	1	396.899368
740	0	397.911984
741	1	397.936408
742	0	399.010348
743	1	399.034812
744	0	400.047164
745	1	400.071696
746	0	401.145632
747	1	401.170196
748	0	402.182296
749	1	402.206928
750	0	403.280868
751	1	403.305532
752	0	404.317364
753	1	404.342088
754	0	405.416024
755	1	405.440804
756	0	406.452368
757	1	406.477200
758	0	407.551132
759	1	407.576004
760	0	408.587312
761	1	408.612252
762	0	409.686180
763	1	409.711156
764	0	410.722204
765	1	410.747244
766	0	411.821168
767	1	411.846248
768	0	412.857044
769	1	412.882188
770	0	413.956112
771	1	413.981300
772	0	414.991844
773	1	415.017084
774	0	416.091000
775	1	416.116284
776	0	417.126568
777	1	417.151912
778	0	418.225848
779	1	418.251240
780	0	419.261236
781	1	419.286692
782	0	420.360624
783	1	420.386112
784	0	421.395884
785	1	421.421436
786	0	422.495352
787	1	422.520948
788	0	423.530460
789	1	423.556124
790	0	424.630028
791	1	424.655732
792	0	425.664972
793	1	425.690732
794	0	426.764660
795	1	426.790472
796	0	427.799448
797	1	427.825316
798	0	428.899240
799	1	428.925148
800	0	429.933848
801	1	429.959824
802	0	431.033740
803	1	431.059760
804	0	432.068224
805	1	432.094308
806	0	433.168192
807	1	433.194320
808	0	434.202532
809	1	434.228724
810	0	435.302608
811	1	435.328840
812	0	436.336792
813	1	436.363088
814	0	437.436956
815	1	437.463292
816	0	438.471008
817	1	438.497412
818	0	439.571268
819	1	439.597708
820	0	440.605184
821	1	440.631700
822	0	441.705536
823	1	441.732092
824	0	442.739304
825	1	442.765924
826	0	443.839780
827	1	443.866440
828	0	444.873388
829	1	444.900116
830	0	445.973968
831	1	446.000740
832	0	447.007412
833	1	447.034248
834	0	448.108096
835	1	448.134980
836	0	449.141380
837	1	449.168324
838	0	450.242176
839	1	450.269164
840	0	451.275320
841	1	451.302372
842	0	452.376220
843	1	452.403324
844	0	453.409208
845	1	453.436376
846	0	454.510236
847	1	454.537444
848	0	455.543068
849	1	455.570340
850	0	456.644204
851	1	456.671524
852	0	457.676880
853	1	457.704260
854	0	458.778120
855	1	458.805552
856	0	459.810628
857	1	459.838120
858	0	460.911992
859	1	460.939532
860	0	461.944324
861	1	461.971928
862	0	463.045808
863	1	463.073456
864	0	464.077964
865	1	464.105684
866	0	465.179572
867	1	465.207336
868	0	466.211588
869	1	466.239416
870	0	467.313320
871	1	467.341188
872	0	468.345180
873	1	468.373120
874	0	469.447020
875	1	469.475004
876	0	470.478716
877	1	470.506768
878	0	471.580688
879	1	471.608784
880	0	472.612200
881	1	472.640364
882	0	473.714284
883	1	473.742496
884	0	474.745640
885	1	474.773916
886	0	475.847840
887	1	475.876164
888	0	476.879040
889	1	476.907432
890	0	477.981384
891	1	478.009820
892	0	479.012356
893	1	479.040864
894	0	480.114864
895	1	480.143420
896	0	481.145680
897	1	481.174300
898	0	482.248276
899	1	482.276940
900	0	483.278948
901	1	483.307684
902	0	484.381692
903	1	484.410468
904	0	485.412180
905	1	485.441032
906	0	486.515048
907	1	486.543944
908	0	487.545388
909	1	487.574356
910	0	488.648364
911	1	488.677376
912	0	489.678488
913	1	489.707572
914	0	490.781616
915	1	490.810744
916	0	491.811636
917	1	491.840836
918	0	492.914864
919	1	492.944108
920	0	493.944740
921	1	493.974052
922	0	495.048076
923	1	495.077436
924	0	496.077796
925	1	496.107224
926	0	497.181228
927	1	497.210704
928	0	498.210804
929	1	498.240356
930	0	499.314348
931	1	499.343940
932	0	500.343804
933	1	500.373468
934	0	501.447432
935	1	501.477144
936	0	502.476716
937	1	502.506496
938	0	503.580480
939	1	503.610312
940	0	504.609588
941	1	504.639488
942	0	505.713484
943	1	505.743432
944	0	506.742424
945	1	506.772452
946	0	507.846452
947	1	507.876520
948	0	508.875240
949	1	508.905380
950	0	509.979388
951	1	510.009580
952	0	511.008016
953	1	511.038280
954	0	512.112320
955	1	512.142628
956	0	513.140760
957	1	513.171144
958	0	514.245208
959	1	514.275636
960	0	515.273456
961	1	515.303956
962	0	516.378052
963	1	516.408600
964	0	517.406136
965	1	517.436760
966	0	518.510864
967	1	518.541532
968	0	519.538756
969	1	519.569496
970	0	520.643608
971	1	520.674396
972	0	521.671324
973	1	521.702188
974	0	522.776332
975	1	522.807244
976	0	523.803884
977	1	523.834872
978	0	524.909028
979	1	524.940064
980	0	525.936408
981	1	525.967520
982	0	527.041688
983	1	527.072840
984	0	528.068884
985	1	528.100112
986	0	529.174320
987	1	529.205600
988	0	530.201332
989	1	530.232684
990	0	531.306908
991	1	531.338308
992	0	532.333752
993	1	532.365228
994	0	533.439468
995	1	533.471004
996	0	534.466148
997	1	534.497752
998	0	535.572008
999	1	535.603664
1000	0	536.598512
1001	1	536.630232
1002	0	537.704492
1003	1	537.736268
1004	0	538.730832
1005	1	538.762684
1006	0	539.836940
1007	1	539.868844
1008	0	540.863112
1009	1	540.895092
1010	0	541.969360
1011	1	542.001388
1012	0	542.995360
1013	1	543.027460
1014	0	544.101756
1015	1	544.133908
1016	0	545.127568
1017	1	545.159792
1018	0	546.234108
1019	1	546.266380
1020	0	547.259752
1021	1	547.292104
1022	0	548.366432
1023	1	548.398828
1024	0	549.391908
1025	1	549.424384
1026	0	550.498736
1027	1	550.531264
1028	0	551.524044
1029	1	551.556644
1030	0	552.631016
1031	1	552.663672
1032	0	553.656140
1033	1	553.688872
1034	0	554.763268
1035	1	554.796048
1036	0	555.788228
1037	1	555.821084
1038	0	556.895500
1039	1	556.928404
1040	0	557.920292
1041	1	557.953268
1042	0	559.027700
1043	1	559.060732
1044	0	560.052320
1045	1	560.085420
1046	0	561.159864
1047	1	561.193020
1048	0	562.184316
1049	1	562.217548
1050	0	563.292004
1051	1	563.325292
1052	0	564.316280
1053	1	564.349640
1054	0	565.424112
1055	1	565.457528
1056	0	566.448208
1057	1	566.481704
1058	0	567.556184
1059	1	567.589732
1060	0	568.580116
1061	1	568.613736
1062	0	569.688236
1063	1	569.721904
1064	0	570.711972
1065	1	570.745728
1066	0	571.820236
1067	1	571.854040
1068	0	572.843804
1069	1	572.877680
1070	0	573.952220
1071	1	573.986152
1072	0	574.975608
1073	1	575.009620
1074	0	576.084180
1075	1	576.118248
1076	0	577.107412
1077	1	577.141552
1078	0	578.216124
1079	1	578.250316
1080	0	579.239160
1081	1	579.273432
1082	0	580.348040
1083	1	580.382368
1084	0	581.370888
1085	1	581.405288
1086	0	582.479924
1087	1	582.514384
1088	0	583.502556
1089	1	583.537088
1090	0	584.611728
1091	1	584.646320
1092	0	585.634340
1093	1	585.669012
1094	0	586.743632
1095	1	586.778348
1096	0	587.765996
1097	1	587.800792
1098	0	588.875436
1099	1	588.910296
1100	0	589.897592
1101	1	589.932528
1102	0	591.007184
1103	1	591.042180
1104	0	592.029176
1105	1	592.064248
1106	0	593.138912
1107	1	593.174040
1108	0	594.160748
1109	1	594.195956
1110	0	595.270616
1111	1	595.305876
1112	0	596.292292
1113	1	596.327628
1114	0	597.402320
1115	1	597.437720
1116	0	598.423780
1117	1	598.459260
1118	0	599.534012
1119	1	599.569548
