#Creator: pendulumSimpleEventBuffer
#Creation time: Wed Mar  2 16:41:55 2016
#Id	Edge	Time
#[]	[b]	[s]
0	0	0.488916
1	1	0.500948
2	0	1.582708
3	1	1.594756
4	0	2.645152
5	1	2.657252
6	0	3.738872
7	1	3.751004
8	0	4.801284
9	1	4.813452
10	0	5.894932
11	1	5.907136
12	0	6.957200
13	1	6.969444
14	0	8.050772
15	1	8.063044
16	0	9.112848
17	1	9.125164
18	0	10.206352
19	1	10.218696
20	0	11.268172
21	1	11.280560
22	0	12.361624
23	1	12.374044
24	0	13.423164
25	1	13.435624
26	0	14.516536
27	1	14.529024
28	0	15.577792
29	1	15.590328
30	0	16.671120
31	1	16.683684
32	0	17.732208
33	1	17.744812
34	0	18.825460
35	1	18.838092
36	0	19.886356
37	1	19.899036
38	0	20.979536
39	1	20.992240
40	0	22.040212
41	1	22.052960
42	0	23.133324
43	1	23.146100
44	0	24.193744
45	1	24.206564
46	0	25.286788
47	1	25.299636
48	0	26.346980
49	1	26.359868
50	0	27.439984
51	1	27.452904
52	0	28.499960
53	1	28.512920
54	0	29.592920
55	1	29.605916
56	0	30.652708
57	1	30.665740
58	0	31.745656
59	1	31.758720
60	0	32.805216
61	1	32.818320
62	0	33.898128
63	1	33.911260
64	0	34.957460
65	1	34.970632
66	0	36.050336
67	1	36.063540
68	0	37.109448
69	1	37.122692
70	0	38.202288
71	1	38.215564
72	0	39.261188
73	1	39.274504
74	0	40.353984
75	1	40.367332
76	0	41.412664
77	1	41.426052
78	0	42.505428
79	1	42.518848
80	0	43.563888
81	1	43.577352
82	0	44.656616
83	1	44.670108
84	0	45.714868
85	1	45.728400
86	0	46.807564
87	1	46.821128
88	0	47.865588
89	1	47.879196
90	0	48.958264
91	1	48.971904
92	0	50.016076
93	1	50.029752
94	0	51.108740
95	1	51.122452
96	0	52.166336
97	1	52.180088
98	0	53.258976
99	1	53.272760
100	0	54.316368
101	1	54.330196
102	0	55.408988
103	1	55.422848
104	0	56.466188
105	1	56.480088
106	0	57.558788
107	1	57.572716
108	0	58.615772
109	1	58.629744
110	0	59.708348
111	1	59.722356
112	0	60.765132
113	1	60.779176
114	0	61.857692
115	1	61.871768
116	0	62.914260
117	1	62.928376
118	0	64.006764
119	1	64.020908
120	0	65.063152
121	1	65.077344
122	0	66.155668
123	1	66.169888
124	0	67.211840
125	1	67.226112
126	0	68.304376
127	1	68.318672
128	0	69.360344
129	1	69.374684
130	0	70.452836
131	1	70.467204
132	0	71.508652
133	1	71.523068
134	0	72.601108
135	1	72.615552
136	0	73.656748
137	1	73.671232
138	0	74.749152
139	1	74.763676
140	0	75.804600
141	1	75.819160
142	0	76.897024
143	1	76.911616
144	0	77.952232
145	1	77.966872
146	0	79.044676
147	1	79.059348
148	0	80.099680
149	1	80.114396
150	0	81.192136
151	1	81.206884
152	0	82.246956
153	1	82.261748
154	0	83.339380
155	1	83.354204
156	0	84.394012
157	1	84.408880
158	0	85.486456
159	1	85.501356
160	0	86.540884
161	1	86.555824
162	0	87.633340
163	1	87.648316
164	0	88.687564
165	1	88.702584
166	0	89.780040
167	1	89.795096
168	0	90.834072
169	1	90.849168
170	0	91.926540
171	1	91.941668
172	0	92.980388
173	1	92.995564
174	0	94.072860
175	1	94.088068
176	0	95.126520
177	1	95.141772
178	0	96.218980
179	1	96.234264
180	0	97.272468
181	1	97.287796
182	0	98.364944
183	1	98.380300
184	0	99.418256
185	1	99.433664
186	0	100.510752
187	1	100.526188
188	0	101.563864
189	1	101.579348
190	0	102.656372
191	1	102.671888
192	0	103.709312
193	1	103.724868
194	0	104.801828
195	1	104.817416
196	0	105.854596
197	1	105.870232
198	0	106.947092
199	1	106.962760
200	0	107.999704
201	1	108.015420
202	0	109.092216
203	1	109.107960
204	0	110.144608
205	1	110.160400
206	0	111.237160
207	1	111.252988
208	0	112.289380
209	1	112.305248
210	0	113.381940
211	1	113.397840
212	0	114.434004
213	1	114.449956
214	0	115.526556
215	1	115.542536
216	0	116.578432
217	1	116.594460
218	0	117.671032
219	1	117.687092
220	0	118.722724
221	1	118.738836
222	0	119.815320
223	1	119.831460
224	0	120.866848
225	1	120.883036
226	0	121.959468
227	1	121.975688
228	0	123.010808
229	1	123.027076
230	0	124.103456
231	1	124.119756
232	0	125.154620
233	1	125.170968
234	0	126.247312
235	1	126.263692
236	0	127.298316
237	1	127.314744
238	0	128.390980
239	1	128.407444
240	0	129.441804
241	1	129.458312
242	0	130.534532
243	1	130.551076
244	0	131.585168
245	1	131.601760
246	0	132.677920
247	1	132.694540
248	0	133.728384
249	1	133.745052
250	0	134.821168
251	1	134.837868
252	0	135.871452
253	1	135.888204
254	0	136.964268
255	1	136.981048
256	0	138.014380
257	1	138.031212
258	0	139.107228
259	1	139.124092
260	0	140.157172
261	1	140.174088
262	0	141.250056
263	1	141.267000
264	0	142.299828
265	1	142.316820
266	0	143.392744
267	1	143.409772
268	0	144.442352
269	1	144.459428
270	0	145.535300
271	1	145.552412
272	0	146.584728
273	1	146.601888
274	0	147.677732
275	1	147.694924
276	0	148.726976
277	1	148.744212
278	0	149.820032
279	1	149.837304
280	0	150.869132
281	1	150.886456
282	0	151.962200
283	1	151.979556
284	0	153.011120
285	1	153.028528
286	0	154.104232
287	1	154.121668
288	0	155.152992
289	1	155.170476
290	0	156.246144
291	1	156.263664
292	0	157.294724
293	1	157.312288
294	0	158.387928
295	1	158.405532
296	0	159.436348
297	1	159.454000
298	0	160.529596
299	1	160.547288
300	0	161.577848
301	1	161.595584
302	0	162.671124
303	1	162.688892
304	0	163.719224
305	1	163.737044
306	0	164.812536
307	1	164.830388
308	0	165.860472
309	1	165.878376
310	0	166.953824
311	1	166.971756
312	0	168.001568
313	1	168.019552
314	0	169.094972
315	1	169.112992
316	0	170.142564
317	1	170.160628
318	0	171.236008
319	1	171.254112
320	0	172.283412
321	1	172.301568
322	0	173.376908
323	1	173.395100
324	0	174.424152
325	1	174.442388
326	0	175.517720
327	1	175.536000
328	0	176.564792
329	1	176.583116
330	0	177.658416
331	1	177.676776
332	0	178.705312
333	1	178.723724
334	0	179.798996
335	1	179.817444
336	0	180.845728
337	1	180.864224
338	0	181.939448
339	1	181.957984
340	0	182.986024
341	1	183.004612
342	0	184.079812
343	1	184.098432
344	0	185.126232
345	1	185.144908
346	0	186.220072
347	1	186.238780
348	0	187.266332
349	1	187.285092
350	0	188.360220
351	1	188.379016
352	0	189.406296
353	1	189.425144
354	0	190.500244
355	1	190.519124
356	0	191.546160
357	1	191.565092
358	0	192.640152
359	1	192.659112
360	0	193.685908
361	1	193.704924
362	0	194.779964
363	1	194.799020
364	0	195.825564
365	1	195.844668
366	0	196.919688
367	1	196.938828
368	0	197.965140
369	1	197.984336
370	0	199.059328
371	1	199.078552
372	0	200.104608
373	1	200.123888
374	0	201.198860
375	1	201.218172
376	0	202.243980
377	1	202.263348
378	0	203.338280
379	1	203.357676
380	0	204.383252
381	1	204.402704
382	0	205.477608
383	1	205.497088
384	0	206.522428
385	1	206.541972
386	0	207.616840
387	1	207.636420
388	0	208.661504
389	1	208.681140
390	0	209.755964
391	1	209.775636
392	0	210.800472
393	1	210.820192
394	0	211.895004
395	1	211.914764
396	0	212.939328
397	1	212.959136
398	0	214.033960
399	1	214.053804
400	0	215.078108
401	1	215.098004
402	0	216.172824
403	1	216.192752
404	0	217.216804
405	1	217.236788
406	0	218.311612
407	1	218.331636
408	0	219.355424
409	1	219.375500
410	0	220.450276
411	1	220.470392
412	0	221.493936
413	1	221.514104
414	0	222.588828
415	1	222.609028
416	0	223.632344
417	1	223.652600
418	0	224.727324
419	1	224.747620
420	0	225.770660
421	1	225.791004
422	0	226.865696
423	1	226.886072
424	0	227.908888
425	1	227.929316
426	0	229.003992
427	1	229.024464
428	0	230.047032
429	1	230.067556
430	0	231.142212
431	1	231.162776
432	0	232.185088
433	1	232.205704
434	0	233.280348
435	1	233.301004
436	0	234.323060
437	1	234.343768
438	0	235.418408
439	1	235.439152
440	0	236.460952
441	1	236.481752
442	0	237.556388
443	1	237.577224
444	0	238.598764
445	1	238.619652
446	0	239.694256
447	1	239.715180
448	0	240.736472
449	1	240.757456
450	0	241.832040
451	1	241.853060
452	0	242.874104
453	1	242.895180
454	0	243.969748
455	1	243.990860
456	0	245.011664
457	1	245.032828
458	0	246.107384
459	1	246.128584
460	0	247.149144
461	1	247.170408
462	0	248.244924
463	1	248.266224
464	0	249.286504
465	1	249.307852
466	0	250.382392
467	1	250.403784
468	0	251.423800
469	1	251.445244
470	0	252.519768
471	1	252.541252
472	0	253.561024
473	1	253.582564
474	0	254.657064
475	1	254.678640
476	0	255.698168
477	1	255.719800
478	0	256.794280
479	1	256.815952
480	0	257.835264
481	1	257.856988
482	0	258.931456
483	1	258.953220
484	0	259.972260
485	1	259.994080
486	0	261.068548
487	1	261.090400
488	0	262.109216
489	1	262.131128
490	0	263.205576
491	1	263.227532
492	0	264.246052
493	1	264.268064
494	0	265.342496
495	1	265.364548
496	0	266.382848
497	1	266.404952
498	0	267.479356
499	1	267.501500
500	0	268.519548
501	1	268.541752
502	0	269.616152
503	1	269.638396
504	0	270.656188
505	1	270.678488
506	0	271.752876
507	1	271.775212
508	0	272.792752
509	1	272.815148
510	0	273.889524
511	1	273.911956
512	0	274.929240
513	1	274.951732
514	0	276.026104
515	1	276.048632
516	0	277.065652
517	1	277.088236
518	0	278.162612
519	1	278.185236
520	0	279.201992
521	1	279.224672
522	0	280.299044
523	1	280.321772
524	0	281.338272
525	1	281.361052
526	0	282.435412
527	1	282.458236
528	0	283.474480
529	1	283.497360
530	0	284.571716
531	1	284.594632
532	0	285.610620
533	1	285.633596
534	0	286.707948
535	1	286.730964
536	0	287.746700
537	1	287.769776
538	0	288.844116
539	1	288.867232
540	0	289.882704
541	1	289.905876
542	0	290.980228
543	1	291.003440
544	0	292.018648
545	1	292.041916
546	0	293.116256
547	1	293.139572
548	0	294.154528
549	1	294.177900
550	0	295.252240
551	1	295.275652
552	0	296.290376
553	1	296.313836
554	0	297.388168
555	1	297.411672
556	0	298.426144
557	1	298.449712
558	0	299.524036
559	1	299.547644
560	0	300.561848
561	1	300.585520
562	0	301.659844
563	1	301.683548
564	0	302.697492
565	1	302.721256
566	0	303.795572
567	1	303.819380
568	0	304.833068
569	1	304.856936
570	0	305.931260
571	1	305.955172
572	0	306.968572
573	1	306.992552
574	0	308.066876
575	1	308.090884
576	0	309.104028
577	1	309.128100
578	0	310.202428
579	1	310.226548
580	0	311.239416
581	1	311.263584
582	0	312.337920
583	1	312.362132
584	0	313.374740
585	1	313.399012
586	0	314.473344
587	1	314.497648
588	0	315.510016
589	1	315.534388
590	0	316.608692
591	1	316.633108
592	0	317.645228
593	1	317.669708
594	0	318.744008
595	1	318.768524
596	0	319.780388
597	1	319.804964
598	0	320.879236
599	1	320.903860
600	0	321.915476
601	1	321.940156
602	0	323.014456
603	1	323.039176
604	0	324.050544
605	1	324.075328
606	0	325.149612
607	1	325.174436
608	0	326.185536
609	1	326.210424
610	0	327.284708
611	1	327.309632
612	0	328.320456
613	1	328.345452
614	0	329.419736
615	1	329.444768
616	0	330.455340
617	1	330.480428
618	0	331.554708
619	1	331.579844
620	0	332.590156
621	1	332.615356
622	0	333.689640
623	1	333.714884
624	0	334.724920
625	1	334.750228
626	0	335.824512
627	1	335.849860
628	0	336.859636
629	1	336.885048
630	0	337.959336
631	1	337.984784
632	0	338.994316
633	1	339.019828
634	0	340.094104
635	1	340.119656
636	0	341.128912
637	1	341.154528
638	0	342.228860
639	1	342.254516
640	0	343.263456
641	1	343.289176
642	0	344.363536
643	1	344.389304
644	0	345.397968
645	1	345.423800
646	0	346.498132
647	1	346.524004
648	0	347.532416
649	1	347.558352
650	0	348.632700
651	1	348.658684
652	0	349.666852
653	1	349.692900
654	0	350.767192
655	1	350.793280
656	0	351.801200
657	1	351.827348
658	0	352.901644
659	1	352.927840
660	0	353.935536
661	1	353.961796
662	0	355.036068
663	1	355.062364
664	0	356.069804
665	1	356.096164
666	0	357.170428
667	1	357.196836
668	0	358.204008
669	1	358.230480
670	0	359.304756
671	1	359.331280
672	0	360.338168
673	1	360.364744
674	0	361.439072
675	1	361.465696
676	0	362.472292
677	1	362.498976
678	0	363.573308
679	1	363.600040
680	0	364.606344
681	1	364.633148
682	0	365.707488
683	1	365.734328
684	0	366.740364
685	1	366.767272
686	0	367.841632
687	1	367.868580
688	0	368.874320
689	1	368.901332
690	0	369.975712
691	1	370.002764
692	0	371.008260
693	1	371.035384
694	0	372.109744
695	1	372.136908
696	0	373.142136
697	1	373.169372
698	0	374.243680
699	1	374.270952
700	0	375.275996
701	1	375.303340
702	0	376.377640
703	1	376.405028
704	0	377.409784
705	1	377.437240
706	0	378.511576
707	1	378.539080
708	0	379.543460
709	1	379.571024
710	0	380.645464
711	1	380.673076
712	0	381.677232
713	1	381.704900
714	0	382.779296
715	1	382.807016
716	0	383.810900
717	1	383.838688
718	0	384.913048
719	1	384.940884
720	0	385.944528
721	1	385.972436
722	0	387.046816
723	1	387.074760
724	0	388.078104
725	1	388.106120
726	0	389.180500
727	1	389.208564
728	0	390.211672
729	1	390.239792
730	0	391.314124
731	1	391.342296
732	0	392.345192
733	1	392.373424
734	0	393.447736
735	1	393.476020
736	0	394.478604
737	1	394.506952
738	0	395.581360
739	1	395.609756
740	0	396.612024
741	1	396.640480
742	0	397.714928
743	1	397.743440
744	0	398.745392
745	1	398.773968
746	0	399.848440
747	1	399.877056
748	0	400.878728
749	1	400.907416
750	0	401.981892
751	1	402.010624
752	0	403.011984
753	1	403.040788
754	0	404.115260
755	1	404.144104
756	0	405.145244
757	1	405.174160
758	0	406.248628
759	1	406.277588
760	0	407.278456
761	1	407.307488
762	0	408.381936
763	1	408.411016
764	0	409.411644
765	1	409.440792
766	0	410.515240
767	1	410.544436
768	0	411.544752
769	1	411.574016
770	0	412.648504
771	1	412.677812
772	0	413.677840
773	1	413.707224
774	0	414.781716
775	1	414.811140
776	0	415.810876
777	1	415.840376
778	0	416.914884
779	1	416.944428
780	0	417.943880
781	1	417.973500
782	0	419.048004
783	1	419.077672
784	0	420.076824
785	1	420.106548
786	0	421.181084
787	1	421.210860
788	0	422.209744
789	1	422.239592
790	0	423.314136
791	1	423.344032
792	0	424.342624
793	1	424.372584
794	0	425.447156
795	1	425.477180
796	0	426.475452
797	1	426.505544
798	0	427.580048
799	1	427.610192
800	0	428.608220
801	1	428.638424
802	0	429.713016
803	1	429.743272
804	0	430.740928
805	1	430.771260
806	0	431.845908
807	1	431.876284
808	0	432.873640
809	1	432.904096
810	0	433.978788
811	1	434.009288
812	0	435.006336
813	1	435.036904
814	0	436.111636
815	1	436.142264
816	0	437.139008
817	1	437.169700
818	0	438.244440
819	1	438.275180
820	0	439.271656
821	1	439.302468
822	0	440.377188
823	1	440.408056
824	0	441.404272
825	1	441.435204
826	0	442.509900
827	1	442.540888
828	0	443.536840
829	1	443.567900
830	0	444.642596
831	1	444.673708
832	0	445.669396
833	1	445.700568
834	0	446.775284
835	1	446.806512
836	0	447.801908
837	1	447.833204
838	0	448.907920
839	1	448.939272
840	0	449.934368
841	1	449.965784
842	0	451.040536
843	1	451.072012
844	0	452.066772
845	1	452.098320
846	0	453.173088
847	1	453.204684
848	0	454.199176
849	1	454.230840
850	0	455.305588
851	1	455.337304
852	0	456.331516
853	1	456.363308
854	0	457.438096
855	1	457.469936
856	0	458.463852
857	1	458.495772
858	0	459.570564
859	1	459.602540
860	0	460.596124
861	1	460.628172
862	0	461.702992
863	1	461.735092
864	0	462.728404
865	1	462.760576
866	0	463.835392
867	1	463.867612
868	0	464.860628
869	1	464.892928
870	0	465.967772
871	1	466.000120
872	0	466.992812
873	1	467.025232
874	0	468.100152
875	1	468.132620
876	0	469.125004
877	1	469.157544
878	0	470.232484
879	1	470.265084
880	0	471.257164
881	1	471.289832
882	0	472.364736
883	1	472.397460
884	0	473.389288
885	1	473.422092
886	0	474.497004
887	1	474.529856
888	0	475.521384
889	1	475.554312
890	0	476.629208
891	1	476.662196
892	0	477.653456
893	1	477.686504
894	0	478.761452
895	1	478.794552
896	0	479.785448
897	1	479.818628
898	0	480.893672
899	1	480.926900
900	0	481.917392
901	1	481.950700
902	0	483.025844
903	1	483.059204
904	0	484.049368
905	1	484.082808
906	0	485.157976
907	1	485.191468
908	0	486.181336
909	1	486.214908
910	0	487.290044
911	1	487.323660
912	0	488.313236
913	1	488.346932
914	0	489.422076
915	1	489.455832
916	0	490.445112
917	1	490.478936
918	0	491.554132
919	1	491.588000
920	0	492.576952
921	1	492.610900
922	0	493.686140
923	1	493.720156
924	0	494.708760
925	1	494.742844
926	0	495.818108
927	1	495.852248
928	0	496.840556
929	1	496.874780
930	0	497.950028
931	1	497.984304
932	0	498.972312
933	1	499.006664
934	0	500.081932
935	1	500.116340
936	0	501.103980
937	1	501.138456
938	0	502.213884
939	1	502.248420
940	0	503.235708
941	1	503.270324
942	0	504.345780
943	1	504.380448
944	0	505.367352
945	1	505.402108
946	0	506.477572
947	1	506.512372
948	0	507.499008
949	1	507.533892
950	0	508.609396
951	1	508.644336
952	0	509.630596
953	1	509.665624
954	0	510.741192
955	1	510.776268
956	0	511.762228
957	1	511.797388
958	0	512.873012
959	1	512.908228
960	0	513.893896
961	1	513.929196
962	0	515.004844
963	1	515.040208
964	0	516.025396
965	1	516.060836
966	0	517.136500
967	1	517.171996
968	0	518.156936
969	1	518.192508
970	0	519.268196
971	1	519.303828
972	0	520.288452
973	1	520.324172
974	0	521.399864
975	1	521.435628
976	0	522.419952
977	1	522.455796
978	0	523.531508
979	1	523.567408
980	0	524.551384
981	1	524.587372
982	0	525.663120
983	1	525.699156
984	0	526.682760
985	1	526.718884
986	0	527.794708
987	1	527.830884
988	0	528.814140
989	1	528.850404
990	0	529.926192
991	1	529.962520
992	0	530.945508
993	1	530.981908
994	0	532.057688
995	1	532.094144
996	0	533.076800
997	1	533.113344
998	0	534.189164
999	1	534.225760
1000	0	535.208088
1001	1	535.244768
1002	0	536.320636
1003	1	536.357376
1004	0	537.339344
1005	1	537.376164
1006	0	538.452096
1007	1	538.488980
1008	0	539.470612
1009	1	539.507576
1010	0	540.583548
1011	1	540.620568
1012	0	541.601860
1013	1	541.638968
1014	0	542.714964
1015	1	542.752124
1016	0	543.733088
1017	1	543.770328
1018	0	544.846360
1019	1	544.883664
1020	0	545.864296
1021	1	545.901684
1022	0	546.977708
1023	1	547.015156
1024	0	547.995464
1025	1	548.032996
1026	0	549.109056
1027	1	549.146648
1028	0	550.126680
1029	1	550.164344
1030	0	551.240336
1031	1	551.278068
1032	0	552.257776
1033	1	552.295588
1034	0	553.371644
1035	1	553.409512
1036	0	554.388892
1037	1	554.426852
1038	0	555.502924
1039	1	555.540944
1040	0	556.519984
1041	1	556.558092
1042	0	557.634176
1043	1	557.672340
1044	0	558.651028
1045	1	558.689280
1046	0	559.765440
1047	1	559.803748
1048	0	560.782032
1049	1	560.820428
1050	0	561.896644
1051	1	561.935100
1052	0	562.913056
1053	1	562.951600
1054	0	564.027788
1055	1	564.066392
1056	0	565.044060
1057	1	565.082748
1058	0	566.158952
1059	1	566.197696
1060	0	567.175012
1061	1	567.213848
1062	0	568.290084
1063	1	568.328976
1064	0	569.305940
1065	1	569.344924
1066	0	570.421188
1067	1	570.460236
1068	0	571.436844
1069	1	571.475976
1070	0	572.552284
1071	1	572.591480
1072	0	573.567736
1073	1	573.607012
1074	0	574.683376
1075	1	574.722720
1076	0	575.698588
1077	1	575.738020
1078	0	576.814408
1079	1	576.853904
1080	0	577.829440
1081	1	577.869024
1082	0	578.945432
1083	1	578.985076
1084	0	579.960276
1085	1	580.000008
1086	0	581.076452
1087	1	581.116248
1088	0	582.091088
1089	1	582.130976
1090	0	583.207448
1091	1	583.247388
1092	0	584.221896
1093	1	584.261924
1094	0	585.338444
1095	1	585.378532
1096	0	586.352640
1097	1	586.392828
1098	0	587.469412
1099	1	587.509652
1100	0	588.483420
1101	1	588.523748
1102	0	589.600368
1103	1	589.640760
1104	0	590.614160
1105	1	590.654652
1106	0	591.731292
1107	1	591.771840
1108	0	592.744896
1109	1	592.785536
1110	0	593.862200
1111	1	593.902904
1112	0	594.875600
1113	1	594.916392
1114	0	595.993076
1115	1	596.033932
1116	0	597.006228
1117	1	597.047176
1118	0	598.123960
1119	1	598.164972
1120	0	599.136868
1121	1	599.177968
