#Creator: pendulumSimpleEventBuffer
#Creation time: Wed Mar  2 16:15:06 2016
#Id	Edge	Time
#[]	[b]	[s]
0	0	0.188336
1	1	0.203748
2	0	1.241996
3	1	1.257428
4	0	2.338680
5	1	2.354164
6	0	3.392172
7	1	3.407696
8	0	4.488884
9	1	4.504436
10	0	5.542168
11	1	5.557756
12	0	6.638908
13	1	6.654528
14	0	7.691976
15	1	7.707640
16	0	8.788728
17	1	8.804416
18	0	9.841632
19	1	9.857364
20	0	10.938396
21	1	10.954160
22	0	11.991124
23	1	12.006928
24	0	13.087940
25	1	13.103768
26	0	14.140460
27	1	14.156328
28	0	15.237304
29	1	15.253204
30	0	16.289640
31	1	16.305588
32	0	17.386512
33	1	17.402484
34	0	18.438660
35	1	18.454680
36	0	19.535552
37	1	19.551592
38	0	20.587524
39	1	20.603612
40	0	21.684436
41	1	21.700548
42	0	22.736228
43	1	22.752392
44	0	23.833180
45	1	23.849364
46	0	24.884792
47	1	24.901020
48	0	25.981760
49	1	25.998016
50	0	27.033184
51	1	27.049488
52	0	28.130180
53	1	28.146512
54	0	29.181432
55	1	29.197812
56	0	30.278468
57	1	30.294868
58	0	31.329548
59	1	31.346000
60	0	32.426596
61	1	32.443068
62	0	33.477504
63	1	33.494020
64	0	34.574580
65	1	34.591132
66	0	35.625316
67	1	35.641908
68	0	36.722432
69	1	36.739056
70	0	37.772992
71	1	37.789664
72	0	38.870140
73	1	38.886836
74	0	39.920540
75	1	39.937280
76	0	41.017720
77	1	41.034484
78	0	42.067932
79	1	42.084752
80	0	43.165152
81	1	43.181988
82	0	44.215200
83	1	44.232092
84	0	45.312428
85	1	45.329360
86	0	46.362304
87	1	46.379268
88	0	47.459580
89	1	47.476564
90	0	48.509280
91	1	48.526324
92	0	49.606584
93	1	49.623652
94	0	50.656116
95	1	50.673228
96	0	51.753456
97	1	51.770600
98	0	52.802816
99	1	52.820004
100	0	53.900188
101	1	53.917404
102	0	54.949384
103	1	54.966652
104	0	56.046804
105	1	56.064096
106	0	57.095812
107	1	57.113156
108	0	58.193296
109	1	58.210660
110	0	59.242124
111	1	59.259544
112	0	60.339656
113	1	60.357092
114	0	61.388332
115	1	61.405828
116	0	62.485872
117	1	62.503388
118	0	63.534380
119	1	63.551948
120	0	64.631972
121	1	64.649568
122	0	65.680336
123	1	65.697980
124	0	66.777960
125	1	66.795632
126	0	67.826156
127	1	67.843880
128	0	68.923836
129	1	68.941580
130	0	69.971848
131	1	69.989652
132	0	71.069584
133	1	71.087404
134	0	72.117424
135	1	72.135300
136	0	73.215204
137	1	73.233104
138	0	74.262888
139	1	74.280840
140	0	75.360712
141	1	75.378692
142	0	76.408204
143	1	76.426240
144	0	77.506076
145	1	77.524132
146	0	78.553400
147	1	78.571516
148	0	79.651328
149	1	79.669464
150	0	80.698492
151	1	80.716684
152	0	81.796468
153	1	81.814684
154	0	82.843468
155	1	82.861736
156	0	83.941496
157	1	83.959788
158	0	84.988336
159	1	85.006688
160	0	86.086408
161	1	86.104776
162	0	87.133092
163	1	87.151520
164	0	88.231212
165	1	88.249660
166	0	89.277732
167	1	89.296240
168	0	90.375900
169	1	90.394428
170	0	91.422248
171	1	91.440840
172	0	92.520476
173	1	92.539088
174	0	93.566668
175	1	93.585336
176	0	94.664944
177	1	94.683636
178	0	95.710976
179	1	95.729720
180	0	96.809316
181	1	96.828084
182	0	97.855164
183	1	97.873992
184	0	98.953564
185	1	98.972416
186	0	99.999248
187	1	100.018160
188	0	101.097720
189	1	101.116648
190	0	102.143228
191	1	102.162216
192	0	103.241772
193	1	103.260788
194	0	104.287120
195	1	104.306192
196	0	105.385716
197	1	105.404812
198	0	106.430896
199	1	106.450052
200	0	107.529544
201	1	107.548728
202	0	108.574560
203	1	108.593800
204	0	109.673272
205	1	109.692536
206	0	110.718112
207	1	110.737432
208	0	111.816892
209	1	111.836240
210	0	112.861568
211	1	112.880968
212	0	113.960416
213	1	113.979840
214	0	115.004924
215	1	115.024412
216	0	116.103828
217	1	116.123344
218	0	117.148172
219	1	117.167744
220	0	118.247152
221	1	118.266748
222	0	119.291320
223	1	119.310976
224	0	120.390372
225	1	120.410056
226	0	121.434368
227	1	121.454112
228	0	122.533488
229	1	122.553260
230	0	123.577324
231	1	123.597152
232	0	124.676512
233	1	124.696364
234	0	125.720184
235	1	125.740096
236	0	126.819448
237	1	126.839388
238	0	127.862944
239	1	127.882948
240	0	128.962276
241	1	128.982304
242	0	130.005608
243	1	130.025700
244	0	131.105008
245	1	131.125124
246	0	132.148168
247	1	132.168336
248	0	133.247644
249	1	133.267844
250	0	134.290632
251	1	134.310896
252	0	135.390180
253	1	135.410464
254	0	136.433004
255	1	136.453360
256	0	137.532632
257	1	137.553004
258	0	138.575292
259	1	138.595728
260	0	139.675008
261	1	139.695464
262	0	140.717512
263	1	140.738032
264	0	141.817288
265	1	141.837840
266	0	142.859616
267	1	142.880232
268	0	143.959472
269	1	143.980112
270	0	145.001628
271	1	145.022332
272	0	146.101564
273	1	146.122288
274	0	147.143544
275	1	147.164332
276	0	148.243564
277	1	148.264376
278	0	149.285372
279	1	149.306252
280	0	150.385468
281	1	150.406372
282	0	151.427120
283	1	151.448080
284	0	152.527296
285	1	152.548288
286	0	153.568772
287	1	153.589832
288	0	154.669024
289	1	154.690108
290	0	155.710340
291	1	155.731484
292	0	156.810668
293	1	156.831844
294	0	157.851816
295	1	157.873048
296	0	158.952216
297	1	158.973488
298	0	159.993196
299	1	160.014524
300	0	161.093700
301	1	161.115056
302	0	162.134504
303	1	162.155916
304	0	163.235084
305	1	163.256532
306	0	164.275712
307	1	164.297228
308	0	165.376384
309	1	165.397928
310	0	166.416844
311	1	166.438448
312	0	167.517616
313	1	167.539248
314	0	168.557896
315	1	168.579584
316	0	169.658756
317	1	169.680484
318	0	170.698876
319	1	170.720668
320	0	171.799836
321	1	171.821652
322	0	172.839780
323	1	172.861660
324	0	173.940824
325	1	173.962732
326	0	174.980608
327	1	175.002584
328	0	176.081732
329	1	176.103732
330	0	177.121336
331	1	177.143404
332	0	178.222556
333	1	178.244664
334	0	179.262000
335	1	179.284164
336	0	180.363316
337	1	180.385508
338	0	181.402588
339	1	181.424844
340	0	182.503992
341	1	182.526284
342	0	183.543096
343	1	183.565452
344	0	184.644600
345	1	184.666984
346	0	185.683528
347	1	185.705972
348	0	186.785128
349	1	186.807600
350	0	187.823892
351	1	187.846428
352	0	188.925580
353	1	188.948148
354	0	189.964164
355	1	189.986804
356	0	191.065960
357	1	191.088624
358	0	192.104364
359	1	192.127092
360	0	193.206264
361	1	193.229032
362	0	194.244480
363	1	194.267316
364	0	195.346496
365	1	195.369356
366	0	196.384524
367	1	196.407456
368	0	197.486656
369	1	197.509616
370	0	198.524500
371	1	198.547532
372	0	199.626728
373	1	199.649784
374	0	200.664400
375	1	200.687532
376	0	201.766712
377	1	201.789876
378	0	202.804240
379	1	202.827468
380	0	203.906616
381	1	203.929872
382	0	204.944024
383	1	204.967356
384	0	206.046476
385	1	206.069828
386	0	207.083728
387	1	207.107160
388	0	208.186244
389	1	208.209728
390	0	209.223364
391	1	209.246892
392	0	210.325964
393	1	210.349524
394	0	211.362904
395	1	211.386532
396	0	212.465612
397	1	212.489268
398	0	213.502396
399	1	213.526124
400	0	214.605192
401	1	214.628956
402	0	215.641812
403	1	215.665636
404	0	216.744716
405	1	216.768576
406	0	217.781152
407	1	217.805092
408	0	218.884172
409	1	218.908132
410	0	219.920416
411	1	219.944448
412	0	221.023544
413	1	221.047608
414	0	222.059600
415	1	222.083740
416	0	223.162828
417	1	223.187000
418	0	224.198724
419	1	224.222972
420	0	225.302068
421	1	225.326344
422	0	226.337792
423	1	226.362148
424	0	227.441248
425	1	227.465624
426	0	228.476796
427	1	228.501248
428	0	229.580368
429	1	229.604856
430	0	230.615736
431	1	230.640296
432	0	231.719420
433	1	231.744004
434	0	232.754584
435	1	232.779248
436	0	233.858392
437	1	233.883092
438	0	234.893388
439	1	234.918160
440	0	235.997276
441	1	236.022080
442	0	237.032100
443	1	237.056980
444	0	238.136116
445	1	238.161020
446	0	239.170756
447	1	239.195736
448	0	240.274900
449	1	240.299916
450	0	241.309364
451	1	241.334456
452	0	242.413620
453	1	242.438744
454	0	243.447912
455	1	243.473108
456	0	244.552292
457	1	244.577520
458	0	245.586392
459	1	245.611700
460	0	246.690892
461	1	246.716232
462	0	247.724808
463	1	247.750228
464	0	248.829420
465	1	248.854868
466	0	249.863172
467	1	249.888696
468	0	250.967896
469	1	250.993448
470	0	252.001460
471	1	252.027096
472	0	253.106308
473	1	253.131968
474	0	254.139696
475	1	254.165440
476	0	255.244660
477	1	255.270432
478	0	256.277884
479	1	256.303736
480	0	257.382972
481	1	257.408856
482	0	258.416024
483	1	258.441988
484	0	259.521220
485	1	259.547216
486	0	260.554088
487	1	260.580164
488	0	261.659412
489	1	261.685520
490	0	262.692112
491	1	262.718300
492	0	263.797548
493	1	263.823764
494	0	264.830076
495	1	264.856376
496	0	265.935648
497	1	265.961980
498	0	266.967984
499	1	266.994396
500	0	268.073692
501	1	268.100136
502	0	269.105844
503	1	269.132368
504	0	270.211688
505	1	270.238236
506	0	271.243660
507	1	271.270292
508	0	272.349684
509	1	272.376352
510	0	273.381404
511	1	273.408164
512	0	274.487552
513	1	274.514336
514	0	275.519160
515	1	275.546028
516	0	276.625328
517	1	276.652228
518	0	277.656796
519	1	277.683788
520	0	278.763128
521	1	278.790144
522	0	279.794380
523	1	279.821480
524	0	280.900848
525	1	280.927984
526	0	281.931920
527	1	281.959132
528	0	283.038508
529	1	283.065752
530	0	284.069384
531	1	284.096720
532	0	285.176112
533	1	285.203472
534	0	286.206812
535	1	286.234264
536	0	287.313672
537	1	287.341160
538	0	288.344176
539	1	288.371748
540	0	289.451204
541	1	289.478800
542	0	290.481504
543	1	290.509192
544	0	291.588692
545	1	291.616412
546	0	292.618780
547	1	292.646588
548	0	293.726096
549	1	293.753944
550	0	294.756012
551	1	294.783940
552	0	295.863460
553	1	295.891432
554	0	296.893196
555	1	296.921236
556	0	298.000784
557	1	298.028864
558	0	299.030316
559	1	299.058484
560	0	300.138052
561	1	300.166260
562	0	301.167400
563	1	301.195684
564	0	302.275332
565	1	302.303656
566	0	303.304452
567	1	303.332868
568	0	304.412500
569	1	304.440948
570	0	305.441404
571	1	305.469944
572	0	306.549632
573	1	306.578208
574	0	307.578368
575	1	307.607020
576	0	308.686708
577	1	308.715412
578	0	309.715244
579	1	309.744024
580	0	310.823748
581	1	310.852592
582	0	311.852100
583	1	311.881008
584	0	312.960732
585	1	312.989684
586	0	313.988924
587	1	314.017968
588	0	315.097692
589	1	315.126764
590	0	316.125652
591	1	316.154812
592	0	317.234616
593	1	317.263816
594	0	318.262356
595	1	318.291648
596	0	319.371468
597	1	319.400808
598	0	320.399000
599	1	320.428416
600	0	321.508272
601	1	321.537732
602	0	322.535592
603	1	322.565148
604	0	323.645048
605	1	323.674632
606	0	324.672148
607	1	324.701820
608	0	325.781760
609	1	325.811484
610	0	326.808652
611	1	326.838456
612	0	327.918436
613	1	327.948280
614	0	328.945156
615	1	328.975092
616	0	330.055032
617	1	330.085000
618	0	331.081588
619	1	331.111648
620	0	332.191628
621	1	332.221744
622	0	333.218000
623	1	333.248196
624	0	334.328184
625	1	334.358420
626	0	335.354328
627	1	335.384656
628	0	336.464604
629	1	336.494968
630	0	337.490560
631	1	337.521020
632	0	338.600988
633	1	338.631492
634	0	339.626728
635	1	339.657312
636	0	340.737344
637	1	340.767972
638	0	341.762848
639	1	341.793568
640	0	342.873620
641	1	342.904384
642	0	343.898928
643	1	343.929788
644	0	345.009864
645	1	345.040756
646	0	346.034976
647	1	346.065968
648	0	347.146088
649	1	347.177116
650	0	348.170988
651	1	348.202116
652	0	349.282268
653	1	349.313444
654	0	350.306980
655	1	350.338244
656	0	351.418420
657	1	351.449720
658	0	352.442928
659	1	352.474324
660	0	353.554508
661	1	353.585940
662	0	354.578820
663	1	354.610352
664	0	355.690556
665	1	355.722144
666	0	356.714668
667	1	356.746328
668	0	357.826600
669	1	357.858308
670	0	358.850488
671	1	358.882304
672	0	359.962600
673	1	359.994440
674	0	360.986292
675	1	361.018232
676	0	362.098560
677	1	362.130548
678	0	363.122016
679	1	363.154096
680	0	364.234476
681	1	364.266604
682	0	365.257712
683	1	365.289936
684	0	366.370360
685	1	366.402628
686	0	367.393368
687	1	367.425724
688	0	368.506204
689	1	368.538612
690	0	369.529016
691	1	369.561532
692	0	370.642044
693	1	370.674592
694	0	371.664612
695	1	371.697260
696	0	372.777812
697	1	372.810516
698	0	373.800148
699	1	373.832948
700	0	374.913568
701	1	374.946412
702	0	375.935668
703	1	375.968604
704	0	377.049276
705	1	377.082272
706	0	378.071140
707	1	378.104232
708	0	379.184924
709	1	379.218056
710	0	380.206548
711	1	380.239772
712	0	381.320524
713	1	381.353800
714	0	382.341908
715	1	382.375292
716	0	383.456080
717	1	383.489500
718	0	384.477248
719	1	384.510772
720	0	385.591592
721	1	385.625180
722	0	386.612528
723	1	386.646204
724	0	387.727076
725	1	387.760808
726	0	388.747788
727	1	388.781612
728	0	389.862520
729	1	389.896396
730	0	390.883008
731	1	390.916984
732	0	391.997936
733	1	392.031968
734	0	393.018204
735	1	393.052332
736	0	394.133332
737	1	394.167508
738	0	395.153376
739	1	395.187652
740	0	396.268688
741	1	396.303012
742	0	397.288504
743	1	397.322932
744	0	398.404008
745	1	398.438500
746	0	399.423644
747	1	399.458228
748	0	400.539292
749	1	400.573932
750	0	401.558668
751	1	401.593416
752	0	402.674580
753	1	402.709368
754	0	403.693764
755	1	403.728636
756	0	404.809756
757	1	404.844696
758	0	405.828728
759	1	405.863776
760	0	406.944952
761	1	406.980056
762	0	407.963692
763	1	407.998908
764	0	409.080116
765	1	409.115384
766	0	410.098612
767	1	410.133976
768	0	411.215264
769	1	411.250672
770	0	412.233504
771	1	412.269024
772	0	413.350404
773	1	413.385968
774	0	414.368304
775	1	414.403992
776	0	415.485456
777	1	415.521196
778	0	416.503152
779	1	416.538996
780	0	417.620460
781	1	417.656356
782	0	418.637908
783	1	418.673916
784	0	419.755440
785	1	419.791492
786	0	420.772628
787	1	420.808800
788	0	421.890392
789	1	421.926616
790	0	422.907332
791	1	422.943660
792	0	424.025308
793	1	424.061704
794	0	425.042024
795	1	425.078532
796	0	426.160200
797	1	426.196756
798	0	427.176664
799	1	427.213336
800	0	428.295036
801	1	428.331756
802	0	429.311264
803	1	429.348100
804	0	430.429844
805	1	430.466744
806	0	431.445860
807	1	431.482852
808	0	432.564628
809	1	432.601700
810	0	433.580360
811	1	433.617528
812	0	434.699368
813	1	434.736604
814	0	435.714880
815	1	435.752224
816	0	436.834084
817	1	436.871488
818	0	437.849312
819	1	437.886828
820	0	438.968788
821	1	439.006364
822	0	439.983708
823	1	440.021404
824	0	441.103464
825	1	441.141220
826	0	442.118172
827	1	442.156032
828	0	443.238096
829	1	443.276028
830	0	444.252512
831	1	444.290540
832	0	445.372728
833	1	445.410824
834	0	446.386856
835	1	446.425076
836	0	447.507272
837	1	447.545552
838	0	448.521220
839	1	448.559608
840	0	449.641760
841	1	449.680204
842	0	450.655452
843	1	450.694008
844	0	451.776164
845	1	451.814796
846	0	452.789672
847	1	452.828416
848	0	453.910532
849	1	453.949332
850	0	454.923752
851	1	454.962668
852	0	456.044896
853	1	456.083872
854	0	457.057868
855	1	457.096948
856	0	458.179272
857	1	458.218416
858	0	459.191944
859	1	459.231212
860	0	460.313596
861	1	460.352920
862	0	461.326012
863	1	461.365468
864	0	462.447916
865	1	462.487412
866	0	463.460064
867	1	463.499688
868	0	464.582184
869	1	464.621880
870	0	465.594080
871	1	465.633876
872	0	466.716444
873	1	466.756304
874	0	467.728052
875	1	467.768028
876	0	468.850680
877	1	468.890724
878	0	469.862024
879	1	469.902184
880	0	470.984864
881	1	471.025100
882	0	471.995984
883	1	472.036336
884	0	473.119004
885	1	473.159396
886	0	474.129920
887	1	474.170460
888	0	475.253144
889	1	475.293728
890	0	476.263780
891	1	476.304492
892	0	477.387268
893	1	477.428036
894	0	478.397648
895	1	478.438548
896	0	479.521464
897	1	479.562424
898	0	480.531372
899	1	480.572448
900	0	481.655504
901	1	481.696652
902	0	482.665148
903	1	482.706428
904	0	483.789584
905	1	483.830924
906	0	484.798900
907	1	484.840364
908	0	485.923592
909	1	485.965136
910	0	486.932652
911	1	486.974324
912	0	488.057588
913	1	488.099324
914	0	489.066296
915	1	489.108188
916	0	490.191540
917	1	490.233464
918	0	491.199976
919	1	491.242024
920	0	492.325456
921	1	492.367584
922	0	493.333708
923	1	493.375968
924	0	494.459144
925	1	494.501464
926	0	495.467280
927	1	495.509720
928	0	496.593040
929	1	496.635540
930	0	497.600880
931	1	497.643516
932	0	498.726876
933	1	498.769588
934	0	499.734404
935	1	499.777244
936	0	500.860688
937	1	500.903608
938	0	501.867932
939	1	501.910976
940	0	502.994524
941	1	503.037640
942	0	504.001436
943	1	504.044652
944	0	505.128268
945	1	505.171560
946	0	506.134940
947	1	506.178384
948	0	507.262012
949	1	507.305512
950	0	508.268416
951	1	508.312044
952	0	509.395728
953	1	509.439444
954	0	510.401820
955	1	510.445672
956	0	511.529428
957	1	511.573348
958	0	512.535244
959	1	512.579292
960	0	513.663008
961	1	513.707140
962	0	514.668588
963	1	514.712844
964	0	515.796584
965	1	515.840912
966	0	516.801876
967	1	516.846332
968	0	517.930128
969	1	517.974656
970	0	518.935116
971	1	518.979772
972	0	520.063632
973	1	520.108372
974	0	521.068320
975	1	521.113172
976	0	522.197104
977	1	522.242064
978	0	523.201476
979	1	523.246560
980	0	524.330560
981	1	524.375716
982	0	525.334636
983	1	525.379924
984	0	526.463968
985	1	526.509328
986	0	527.467768
987	1	527.513256
988	0	528.597368
989	1	528.642924
990	0	529.600868
991	1	529.646568
992	0	530.730756
993	1	530.776524
994	0	531.733944
995	1	531.779852
996	0	532.864068
997	1	532.910064
998	0	533.866976
999	1	533.913088
1000	0	534.997396
1001	1	535.043576
1002	0	535.999980
1003	1	536.046300
1004	0	537.130656
1005	1	537.177068
1006	0	538.132964
1007	1	538.179504
1008	0	539.263916
1009	1	539.310548
1010	0	540.265940
1011	1	540.312696
1012	0	541.397152
1013	1	541.443996
1014	0	542.398852
1015	1	542.445816
1016	0	543.530460
1017	1	543.577524
1018	0	544.531772
1019	1	544.578960
1020	0	545.663652
1021	1	545.710924
1022	0	546.664688
1023	1	546.712096
1024	0	547.796864
1025	1	547.844344
1026	0	548.797580
1027	1	548.845216
1028	0	549.930056
1029	1	549.977768
1030	0	550.930468
1031	1	550.978320
1032	0	552.063216
1033	1	552.111160
1034	0	553.063316
1035	1	553.111380
1036	0	554.196348
1037	1	554.244496
1038	0	555.196120
1039	1	555.244408
1040	0	556.329464
1041	1	556.377848
1042	0	557.328868
1043	1	557.377384
1044	0	558.462556
1045	1	558.511156
1046	0	559.461608
1047	1	559.510332
1048	0	560.595600
1049	1	560.644424
1050	0	561.594336
1051	1	561.643320
1052	0	562.728608
1053	1	562.777684
1054	0	563.727032
1055	1	563.776244
1056	0	564.861584
1057	1	564.910880
1058	0	565.859744
1059	1	565.909172
1060	0	566.994560
1061	1	567.044080
1062	0	567.992376
1063	1	568.042032
1064	0	569.127508
1065	1	569.177276
1066	0	570.124980
1067	1	570.174880
1068	0	571.260484
1069	1	571.310468
1070	0	572.257572
1071	1	572.307708
1072	0	573.393376
1073	1	573.443596
1074	0	574.390180
1075	1	574.440552
1076	0	575.526244
1077	1	575.576696
1078	0	576.522720
1079	1	576.573336
1080	0	577.659128
1081	1	577.709824
1082	0	578.655268
1083	1	578.706108
1084	0	579.791992
1085	1	579.842936
1086	0	580.787804
1087	1	580.838876
1088	0	581.924860
1089	1	581.976036
1090	0	582.920284
1091	1	582.971608
1092	0	584.057684
1093	1	584.109104
1094	0	585.052724
1095	1	585.104308
1096	0	586.190380
1097	1	586.242056
1098	0	587.185108
1099	1	587.236940
1100	0	588.323172
1101	1	588.375096
1102	0	589.317536
1103	1	589.369620
1104	0	590.455896
1105	1	590.508088
1106	0	591.449892
1107	1	591.502220
1108	0	592.588604
1109	1	592.641036
1110	0	593.582276
1111	1	593.634860
1112	0	594.721280
1113	1	594.773956
1114	0	595.714612
1115	1	595.767440
1116	0	596.853948
1117	1	596.906896
1118	0	597.846940
1119	1	597.900044
1120	0	598.986644
1121	1	599.039836
1122	0	599.979208
1123	1	600.032572
1124	0	601.119292
1125	1	601.172752
1126	0	602.111500
1127	1	602.165120
1128	0	603.251900
1129	1	603.305632
1130	0	604.243748
1131	1	604.297620
1132	0	605.384492
1133	1	605.438480
1134	0	606.375992
1135	1	606.430128
1136	0	607.517084
1137	1	607.571312
1138	0	608.508216
1139	1	608.562616
1140	0	609.649664
1141	1	609.704176
1142	0	610.640376
1143	1	610.695040
1144	0	611.782196
1145	1	611.836976
