#Creator: wheelEventBuffer
#Creation time: Wed Apr  6 16:03:33 2016
#Time	Angular velocity
#[s]	[rad/s]
0.468838	1.031823	0.04
0.744284	1.368373	0.04
0.958268	1.624603	0.04
1.141458	1.839211	0.04
1.305024	2.026024	0.04
1.454446	2.196027	0.04
1.592956	2.353641	0.04
1.722608	2.503102	0.04
1.844800	2.647960	0.04
1.960530	2.789601	0.04
2.070532	2.929060	0.04
2.175412	3.068561	0.04
2.275674	3.205053	0.04
2.371760	3.339704	0.04
2.464108	3.470836	0.04
2.553118	3.594582	0.04
2.639156	3.712677	0.04
2.722542	3.826917	0.04
2.803542	3.935058	0.04
2.882404	4.036169	0.04
2.959360	4.132152	0.04
3.034592	4.222684	0.04
3.108282	4.307446	0.04
3.180542	4.389048	0.04
3.251534	4.464900	0.04
3.321330	4.538955	0.04
3.389994	4.612392	0.04
3.457578	4.685587	0.04
3.524096	4.760422	0.04
3.589560	4.838877	0.04
3.653942	4.920270	0.04
3.717252	5.005086	0.04
3.779498	5.090402	0.04
3.840692	5.177824	0.04
3.900872	5.265474	0.04
3.960082	5.348666	0.04
4.018384	5.429457	0.04
4.075830	5.509440	0.04
4.132472	5.586047	0.04
4.188354	5.658692	0.04
4.243550	5.727190	0.04
4.298090	5.793731	0.04
4.352044	5.855063	0.04
4.405418	5.915479	0.04
4.458290	5.971474	0.04
4.510656	6.027614	0.04
4.562532	6.084113	0.04
4.613930	6.140481	0.04
4.664846	6.199370	0.04
4.715274	6.261396	0.04
4.765184	6.326713	0.04
4.814588	6.392887	0.04
4.863468	6.460195	0.04
4.911832	6.531921	0.04
4.959666	6.604147	0.04
5.006994	6.674016	0.04
5.053836	6.739880	0.04
5.100226	6.805877	0.04
5.146176	6.869272	0.04
5.191718	6.928354	0.04
5.236884	6.984732	0.04
5.281688	7.038879	0.04
5.326170	7.089391	0.04
5.370324	7.138685	0.04
5.414214	7.181440	0.04
5.457854	7.218070	0.04
5.501240	7.260105	0.04
5.544330	7.317601	0.04
5.587128	7.369787	0.04
5.629630	7.411864	0.04
5.671838	7.471444	0.04
5.713736	7.528379	0.04
5.755318	7.581063	0.04
5.796574	7.644894	0.04
5.837496	7.712458	0.04
5.878086	7.770065	0.04
5.918360	7.828929	0.04
5.958334	7.890277	0.04
5.998024	7.943746	0.04
6.037446	7.993874	0.04
6.076626	8.044228	0.04
6.115566	8.091466	0.04
6.154298	8.133784	0.04
6.192818	8.175695	0.04
6.231160	8.214173	0.04
6.269318	8.252581	0.04
6.307298	8.290038	0.04
6.345106	8.328277	0.04
6.382732	8.369992	0.04
6.420168	8.414379	0.04
6.457402	8.460151	0.04
6.494420	8.511033	0.04
6.531218	8.564865	0.04
6.567772	8.621748	0.04
6.604090	8.680831	0.04
6.640174	8.733925	0.04
6.676032	8.787180	0.04
6.711674	8.842085	0.04
6.747112	8.890629	0.04
6.782360	8.934624	0.04
6.817436	8.980084	0.04
6.852338	9.021343	0.04
6.887098	9.058802	0.04
6.921704	9.094467	0.04
6.956196	9.125639	0.04
6.990560	9.158094	0.04
7.024798	9.192394	0.04
7.058914	9.224785	0.04
7.092902	9.260679	0.04
7.126752	9.300707	0.04
7.160450	9.344416	0.04
7.193988	9.390222	0.04
7.227360	9.437046	0.04
7.260556	9.488350	0.04
7.293570	9.545432	0.04
7.326400	9.594407	0.04
7.359064	9.642111	0.04
7.391562	9.690890	0.04
7.423908	9.735939	0.04
7.456106	9.778364	0.04
7.488174	9.817477	0.04
7.520112	9.854431	0.04
7.551942	9.887929	0.04
7.583658	9.921654	0.04
7.615284	9.948045	0.04
7.646816	9.977745	0.04
7.678258	10.005709	0.04
7.709606	10.036396	0.04
7.740858	10.067916	0.04
7.772010	10.102884	0.04
7.803044	10.140712	0.04
7.833962	10.182124	0.04
7.864750	10.224542	0.04
7.895400	10.273357	0.04
7.925906	10.324677	0.04
7.956266	10.372400	0.04
7.986490	10.416421	0.04
8.016580	10.464302	0.04
8.046546	10.506296	0.04
8.076392	10.545088	0.04
8.106136	10.580603	0.04
8.135778	10.615641	0.04
8.165334	10.646579	0.04
8.194798	10.675522	0.04
8.224198	10.699519	0.04
8.253524	10.725088	0.04
8.282780	10.750779	0.04
8.311964	10.778073	0.04
8.341070	10.807736	0.04
8.370094	10.841303	0.04
8.399020	10.878844	0.04
8.427844	10.919682	0.04
8.456558	10.961593	0.04
8.485154	11.008454	0.04
8.513628	11.058831	0.04
8.541984	11.102603	0.04
8.570226	11.144351	0.04
8.598360	11.188805	0.04
8.626390	11.227994	0.04
8.654326	11.263418	0.04
8.682182	11.295817	0.04
8.709952	11.327586	0.04
8.737660	11.352966	0.04
8.765294	11.380933	0.04
8.792880	11.399930	0.04
8.820410	11.423143	0.04
8.847884	11.443948	0.04
8.875310	11.467341	0.04
8.902672	11.492510	0.04
8.929972	11.523706	0.04
8.957192	11.557621	0.04
8.984330	11.595160	0.04
9.011378	11.634667	0.04
9.038326	11.678783	0.04
9.065172	11.726736	0.04
9.091918	11.768028	0.04
9.118568	11.806948	0.04
9.145130	11.847913	0.04
9.171606	11.886465	0.04
9.198000	11.918934	0.04
9.224326	11.949763	0.04
9.250582	11.978924	0.04
9.276788	12.001806	0.04
9.302932	12.026616	0.04
9.329038	12.045060	0.04
9.355100	12.064488	0.04
9.381116	12.085838	0.04
9.407084	12.107263	0.04
9.433008	12.131575	0.04
9.458872	12.159749	0.04
9.484672	12.192784	0.04
9.510398	12.229806	0.04
9.536048	12.266097	0.04
9.561612	12.310316	0.04
9.587086	12.355827	0.04
9.612474	12.394826	0.04
9.637780	12.433088	0.04
9.663010	12.471587	0.04
9.688164	12.507336	0.04
9.713250	12.540287	0.04
9.738276	12.567376	0.04
9.763246	12.595592	0.04
9.788168	12.618865	0.04
9.813040	12.640189	0.04
9.837882	12.656485	0.04
9.862686	12.673845	0.04
9.887454	12.693304	0.04
9.912184	12.713851	0.04
9.936870	12.736531	0.04
9.961510	12.764475	0.04
9.986092	12.793585	0.04
10.010610	12.832255	0.04
10.035060	12.866942	0.04
10.059432	12.909240	0.04
10.083728	12.953953	0.04
10.107946	12.993600	0.04
10.132090	13.028086	0.04
10.156168	13.068189	0.04
10.180178	13.100887	0.04
10.204132	13.131553	0.04
10.228032	13.157952	0.04
10.251884	13.184458	0.04
10.275694	13.206628	0.04
10.299462	13.226645	0.04
10.323206	13.240023	0.04
10.346918	13.256784	0.04
10.370600	13.272466	0.04
10.394254	13.291558	0.04
10.417870	13.311833	0.04
10.441448	13.337831	0.04
10.464978	13.363930	0.04
10.488454	13.398126	0.04
10.511874	13.431350	0.04
10.535226	13.471667	0.04
10.558510	13.515714	0.04
10.581724	13.551862	0.04
10.604874	13.588204	0.04
10.627964	13.623559	0.04
10.650998	13.657911	0.04
10.673974	13.685279	0.04
10.696910	13.713954	0.04
10.719798	13.735540	0.04
10.742658	13.754784	0.04
10.765478	13.775290	0.04
10.788276	13.787381	0.04
10.811052	13.800706	0.04
10.833802	13.816486	0.04
10.856524	13.833521	0.04
10.879218	13.853041	0.04
10.901876	13.878745	0.04
10.924488	13.905775	0.04
10.947052	13.939092	0.04
10.969564	13.972570	0.04
10.992010	14.013706	0.04
11.014398	14.056343	0.04
11.036722	14.091651	0.04
11.058994	14.119518	0.04
11.081224	14.144947	0.04
11.103430	14.156420	0.04