#Creation time: Wed Apr  6 16:03:33 2016
#Time	Angular velocity
#[s]	[rad/s]

11.147846	14.133492	0.04
11.170102	14.097975	0.04
11.192424	14.056343	0.04
11.214804	14.012456	0.04
11.237264	13.967600	0.04
11.259786	13.927969	0.04
11.282370	13.892247	0.04
11.305016	13.853041	0.04
11.327726	13.815271	0.04
11.350496	13.778915	0.04
11.373324	13.743952	0.04
11.396208	13.711560	0.04
11.419142	13.685279	0.04
11.442110	13.666229	0.04
11.465108	13.654349	0.04
11.488136	13.635385	0.04
11.511192	13.614113	0.04
11.534290	13.590555	0.04
11.557434	13.560051	0.04
11.580630	13.525024	0.04
11.603894	13.486703	0.04
11.627218	13.450902	0.04
11.650610	13.410709	0.04
11.674066	13.374171	0.04
11.697598	13.329908	0.04
11.721208	13.284813	0.04
11.744892	13.241139	0.04
11.768660	13.195534	0.04
11.792508	13.150241	0.04
11.816430	13.115107	0.04
11.840410	13.083428	0.04
11.864446	13.056241	0.04
11.888532	13.031328	0.04
11.912656	13.011898	0.04
11.936818	12.993600	0.04
11.961022	12.967855	0.04
11.985276	12.937948	0.04
12.009582	12.911362	0.04
12.033942	12.882771	0.04
12.058360	12.850101	0.04
12.082842	12.815504	0.04
12.107388	12.781093	0.04
12.132014	12.737563	0.04
12.156718	12.693304	0.04
12.181520	12.644259	0.04
12.206412	12.596602	0.04
12.231396	12.551309	0.04
12.256468	12.508332	0.04
12.281626	12.465648	0.04
12.306866	12.430136	0.04
12.332172	12.395804	0.04
12.357548	12.364581	0.04
12.382986	12.334482	0.04
12.408478	12.311281	0.04
12.434018	12.291051	0.04
12.459608	12.264181	0.04
12.485254	12.235522	0.04
12.510960	12.206997	0.04
12.536730	12.174828	0.04
12.562574	12.138137	0.04
12.588500	12.099802	0.04
12.614504	12.060783	0.04
12.640604	12.016496	0.04
12.666792	11.972533	0.04
12.693094	11.920743	0.04
12.719500	11.872988	0.04
12.746014	11.823834	0.04
12.772638	11.775968	0.04
12.799366	11.731115	0.04
12.826190	11.691822	0.04
12.853102	11.654521	0.04
12.880096	11.621754	0.04
12.907164	11.590027	0.04
12.934300	11.562726	0.04
12.961500	11.538096	0.04
12.988766	11.507665	0.04
13.016104	11.475718	0.04
13.043516	11.444782	0.04
13.071008	11.411524	0.04
13.098584	11.373516	0.04
13.126260	11.331672	0.04
13.154034	11.289322	0.04
13.181924	11.243263	0.04
13.209920	11.195982	0.04
13.238054	11.141980	0.04
13.266314	11.090845	0.04
13.294708	11.037849	0.04
13.323234	10.987663	0.04
13.351888	10.939455	0.04
13.380664	10.894689	0.04
13.409550	10.856288	0.04
13.438538	10.818157	0.04
13.467626	10.782512	0.04
13.496800	10.751515	0.04
13.526062	10.722891	0.04
13.555406	10.691508	0.04
13.584840	10.653800	0.04
13.614374	10.619947	0.04
13.644012	10.582742	0.04
13.673758	10.540135	0.04
13.703628	10.496467	0.04
13.733622	10.450378	0.04
13.763764	10.399181	0.04
13.794042	10.349165	0.04
13.824488	10.291531	0.04
13.855096	10.237870	0.04
13.885860	10.183445	0.04
13.916794	10.129595	0.04
13.947888	10.076312	0.04
13.979136	10.029987	0.04
14.010526	9.986626	0.04
14.042046	9.946785	0.04
14.073694	9.906012	0.04
14.105464	9.870531	0.04
14.137344	9.837767	0.04
14.169342	9.801550	0.04
14.201458	9.760743	0.04
14.233710	9.722079	0.04
14.266098	9.678947	0.04
14.298632	9.633832	0.04
14.331326	9.586210	0.04
14.364184	9.535581	0.04
14.397230	9.480905	0.04
14.430460	9.425155	0.04
14.463904	9.365587	0.04
14.497558	9.305114	0.04
14.531426	9.245417	0.04
14.565514	9.187018	0.04
14.599814	9.130944	0.04
14.634322	9.077649	0.04
14.669022	9.028084	0.04
14.703912	8.980598	0.04
14.738984	8.934624	0.04
14.774220	8.894153	0.04
14.809624	8.855044	0.04
14.845194	8.810839	0.04
14.880940	8.766094	0.04
14.916872	8.720348	0.04
14.952998	8.674120	0.04
14.989326	8.621748	0.04
15.025886	8.566267	0.04
15.062680	8.509650	0.04
15.099740	8.448775	0.04
15.137054	8.386974	0.04
15.174674	8.319015	0.04
15.212592	8.251714	0.04
15.250818	8.185068	0.04
15.289356	8.119069	0.04
15.328206	8.053301	0.04
15.367360	7.993874	0.04
15.406802	7.936120	0.04
15.446522	7.882358	0.04
15.486514	7.828929	0.04
15.526764	7.780071	0.04
15.567270	7.732580	0.04
15.608038	7.681156	0.04
15.649082	7.627446	0.04
15.690414	7.574848	0.04
15.732052	7.517211	0.04
15.774012	7.457256	0.04
15.816326	7.393722	0.04
15.859006	7.328526	0.04
15.902090	7.258092	0.04
15.945588	7.185711	0.04
15.989554	7.108962	0.04
16.033990	7.031632	0.04
16.078914	6.954427	0.04
16.124340	6.878295	0.04
16.170268	6.802340	0.04
16.216696	6.730927	0.04
16.263612	6.661845	0.04
16.311008	6.594997	0.04
16.358882	6.529477	0.04
16.407224	6.467376	0.04
16.456034	6.406445	0.04
16.505328	6.342296	0.04
16.555126	6.275153	0.04
16.605460	6.208681	0.04
16.656358	6.138321	0.04
16.707856	6.063914	0.04
16.760010	5.986038	0.04
16.812854	5.905027	0.04
16.866468	5.818195	0.04
16.920882	5.729070	0.04
16.976200	5.633729	0.04
17.032456	5.536822	0.04
17.089708	5.439234	0.04
17.148008	5.340483	0.04
17.207390	5.241404	0.04
17.267894	5.145260	0.04
17.329520	5.051117	0.04
17.392298	4.959104	0.04
17.456246	4.867818	0.04
17.521382	4.778960	0.04
17.587752	4.690344	0.04
17.655414	4.598888	0.04
17.724454	4.504075	0.04
17.794982	4.407521	0.04
17.867122	4.305793	0.04
17.941040	4.198643	0.04
18.016938	4.084977	0.04
18.095044	3.964455	0.04
18.175664	3.835888	0.04
18.259108	3.699909	0.04
18.345822	3.554562	0.04
18.436242	3.402791	0.04
18.530898	3.244039	0.04
18.630438	3.078544	0.04
18.735616	2.906460	0.04
18.847358	2.729209	0.04
18.966800	2.545696	0.04
19.095494	2.353958	0.04
19.235672	2.150244	0.04
19.390712	1.930437	0.04
19.566486	1.685440	0.04
19.775176	1.394280	0.04
20.054564	1.008174	0.04
20.766244	0.275189	0.04