#Creator: wheelEventBuffer
#Creation time: Wed Apr  6 16:03:33 2016
#Time	Angular velocity
#[s]	[rad/s]
0.097390	3.780224
0.180494	3.779587
0.263574	3.782499
0.346558	3.788155
0.429370	3.798139
0.511928	3.811965
0.594192	3.826078
0.676186	3.837482
0.757928	3.849236
0.839452	3.858882
0.920810	3.864673
1.002070	3.868480
1.083290	3.868099
1.164556	3.864768
1.245928	3.857271
1.327482	3.848482
1.409230	3.836451
1.491240	3.825426
1.573474	3.815298
1.655942	3.804210
1.738646	3.792545
1.821574	3.783137
1.904654	3.778405
1.987798	3.777769
2.070896	3.781953
2.153846	3.791813
2.236562	3.803841
2.319026	3.815576
2.401238	3.827476
2.483210	3.838138
2.565004	3.844620
2.646688	3.848293
2.728336	3.847916
2.810014	3.845655
2.891796	3.837950
2.973770	3.828409
3.055962	3.815391
3.138430	3.803381
3.221132	3.793827
3.304028	3.785416
3.387076	3.779587
3.470230	3.775499
3.553412	3.776770
3.636524	3.782317
3.719460	3.792270
3.802142	3.806515
3.884526	3.820587
3.966630	3.832519
4.048474	3.844526
4.130088	3.855093
4.211524	3.861253
4.292852	3.865339
4.374140	3.865053
4.455458	3.862202
4.536888	3.854904
4.618488	3.846409
4.700282	3.834390
4.782336	3.823098
4.864628	3.812427
4.947134	3.802552
5.029812	3.796028
5.112604	3.792179
5.195416	3.793644
5.278164	3.798874
5.360744	3.808453
5.443080	3.822261
5.525126	3.836076
5.606896	3.848199
5.688412	3.860019
5.769704	3.869910
5.850828	3.876308
5.931844	3.879755
6.012832	3.879467
6.093848	3.876691
6.174978	3.868766
6.256284	3.860304
6.337790	3.847822
6.419562	3.836170
6.501574	3.825146
6.583832	3.813816
6.666322	3.802644
6.749032	3.792911
6.831896	3.788338
6.914804	3.789069
6.997634	3.794927
7.080286	3.806422
7.162680	3.819287
7.244818	3.830463
7.326712	3.842175
7.408380	3.852163
7.489878	3.858123
7.571278	3.861823
7.652644	3.861158
7.734052	3.857839
7.815578	3.849802
7.897288	3.841141
7.979208	3.828036
8.061416	3.815576
8.143864	3.804486
8.226524	3.796303
8.309308	3.792179
8.392150	3.791264
8.474958	3.795478
8.557632	3.803473
8.640110	3.813908
8.722320	3.828503
8.804232	3.842457
8.885868	3.854431
8.967260	3.865719
9.048428	3.875925
9.129428	3.881864
9.210334	3.885225
9.291206	3.884744
9.372118	3.881576
9.453148	3.873441
9.534378	3.863342
9.615858	3.847822
9.697682	3.831491
9.779860	3.814742
9.862376	3.799149
9.945172	3.788064
10.028172	3.781043
10.111278	3.778405
10.194414	3.778769
10.277510	3.781771
10.360490	3.789252
10.443278	3.799609
10.525838	3.810670
10.608156	3.822354
10.690252	3.832239
10.772170	3.838419
10.853988	3.841893
10.935772	3.841423
11.017602	3.838232
11.099540	3.830370
11.181668	3.821610
11.264000	3.809099
11.346608	3.797221
11.429476	3.785416
11.512640	3.770695
11.596126	3.755011
11.679918	3.742040
11.763926	3.735811
11.848010	3.735455
11.932024	3.741238
12.015842	3.753934
12.099384	3.767440
12.182646	3.779223
12.265648	3.790806
12.348420	3.800896
12.431016	3.807068
12.513506	3.810855
12.595964	3.809838
12.678470	3.806515
12.761096	3.798506
12.843916	3.789434
12.926946	3.776951
13.010264	3.764911
13.093854	3.752051
13.177714	3.740080
13.261794	3.731551
13.346026	3.726505
13.430312	3.727035
13.514540	3.731728
13.598610	3.740704
13.682436	3.754473
13.765958	3.768253
13.849204	3.780133
13.932184	3.791996
14.014934	3.801724
14.097512	3.807899
14.179988	3.811317
14.262426	3.810947
14.344906	3.807899
14.427502	3.799885
14.510288	3.791081
14.593288	3.778405
14.676566	3.766717
14.760086	3.755909
14.843836	3.746324
14.927754	3.739724
15.011784	3.736788
15.095846	3.736877
15.179892	3.738656
15.263856	3.743557
15.347672	3.752231
15.431282	3.762386
15.514674	3.772235
15.597828	3.783593
15.680758	3.793827
15.763508	3.799977
15.846160	3.803013
15.928780	3.802460
16.011454	3.798782
16.094250	3.790532
16.177240	3.781680
16.260446	3.768976
16.343934	3.757077
16.427664	3.746682
16.511608	3.737944
16.595692	3.733147
16.679844	3.732349
16.763964	3.735722
16.847968	3.743378
16.931766	3.753665
17.015296	3.767982
17.098520	3.781953
17.181464	3.793736
17.264152	3.805224
17.346614	3.815113
17.428906	3.820959
17.511102	3.824215
17.593276	3.822726
17.675506	3.819287
17.757858	3.810855
17.840422	3.800804
17.923222	3.786968
18.006342	3.772869
18.089762	3.758875
18.173484	3.745878
18.257454	3.735722
18.341636	3.727654
18.425942	3.723766
18.510316	3.722795
18.594670	3.724649
18.678910	3.732615
18.762954	3.743289
18.846756	3.754204
18.930316	3.765453
19.013648	3.775408
19.096798	3.781498
19.179858	3.784322
19.262898	3.783137
19.346008	3.778223
19.429274	3.768072
19.512784	3.757257
19.596572	3.741595
19.680742	3.724208
19.765314	3.705407
19.850292	3.688008
19.935632	3.673690
20.021274	3.662042
20.107120	3.655480
20.193054	3.654885
20.278942	3.659227
20.364648	3.670514
20.450092	3.683252
20.535268	3.694166
20.620208	3.703573
20.704982	3.709345
20.789694	3.709345
20.874458	3.704446
20.959410	3.693124
21.044674	3.677474
21.130368	3.655565
21.216608	3.631815
21.303428	3.604563
21.390906	3.578205
21.479010	3.553436
21.567706	3.530038
21.656926	3.511101
21.746586	3.495786
21.836580	3.484850
21.926812	3.477829
22.017182	3.473983
22.107604	3.474137
22.198044	3.473599
22.288514	3.471680
22.379040	3.469380
22.469658	3.465017
22.560442	3.457010
22.651478	3.445938
22.742860	3.430435
22.834698	3.412549
22.927084	3.389135
23.020140	3.364598
23.113906	3.336016
23.208486	3.307566
23.303878	3.279598
23.400090	3.251359
23.497128	3.223469
23.594998	3.196249
23.693638	3.172621
23.792960	3.152817
23.892824	3.137451
23.993082	3.128329
24.093606	3.121925
24.194330	3.115856
24.295234	3.110857
24.396322	3.105384
24.497654	3.096202
24.599342	3.083742
24.701514	3.066704
24.804324	3.046304
24.907906	3.020588
25.012418	2.992905
25.117936	2.961532
25.224590	2.930207
25.332346	2.900610
25.441168	2.872865
25.550948	2.849362
25.661560	2.830060
25.772822	2.815855
25.884576	2.805795
25.996660	2.799095
26.108958	2.795608
26.221410	2.792130
26.334032	2.787077
26.446864	2.781598
26.559962	2.774817
26.673422	2.763978
26.787400	2.749657
26.902074	2.730775
27.017626	2.708223
27.134268	2.679671
27.252222	2.648898
27.371614	2.613986
27.492634	2.578542
27.615298	2.544129
27.739658	2.509099
27.865674	2.476113
27.993252	2.447715
28.122150	2.425491
28.252068	2.409456
28.382688	2.399298
28.513726	2.394799
28.644986	2.391772
28.776456	2.387882
28.908164	2.382955
29.040224	2.375855
29.172832	2.363699
29.306244	2.347205
29.440766	2.325039
29.576732	2.297930
29.714494	2.264537
29.854418	2.228017
29.996748	2.187099
30.141812	2.145340
30.289684	2.104328
30.440402	2.064772
30.593944	2.027462
30.750246	1.992208
30.909096	1.962122
31.070104	1.938776
31.232738	1.922828
31.396484	1.913249
31.560934	1.907001
31.725922	1.901299
31.891460	1.894809
32.057752	1.884941
32.225158	1.869706
32.394194	1.849170
32.565476	1.821361
32.739744	1.786722
32.917842	1.743934
33.100692	1.695482
33.289130	1.641221
33.484064	1.584454
33.685996	1.528547
33.895118	1.476534
34.111314	1.429725
34.334032	1.390319
34.562366	1.359867
34.795148	1.337633
35.031194	1.322921
35.269512	1.312837
35.509592	1.304247
35.751392	1.294733
35.995214	1.283121
36.241742	1.267149
36.492290	1.243515
36.748806	1.209570
37.013990	1.164364
37.291298	1.107419
37.585500	1.036487
37.903538	0.950707
38.255888	0.848011
38.659932	0.729294
39.152662	0.585153
39.916824	0.364211
