#Creator: pendulumdriveEventBuffer
#Creation time: Wed Apr 20 15:41:28 2016
#Time	Pos
#[s]	[au]
0.050	439
0.100	411
0.150	389
0.200	377
0.250	374
0.301	379
0.351	392
0.401	412
0.451	440
0.501	472
0.552	512
0.602	549
0.652	585
0.702	618
0.752	646
0.802	667
0.854	682
0.904	689
0.954	688
1.004	681
1.054	666
1.104	642
1.155	612
1.205	577
1.255	541
1.305	504
1.355	469
1.406	439
1.456	411
1.506	393
1.556	380
1.606	377
1.656	381
1.707	394
1.758	416
1.808	444
1.858	478
1.908	514
1.958	551
2.009	586
2.059	616
2.109	641
2.159	660
2.209	674
2.260	680
2.310	680
2.360	671
2.410	655
2.460	631
2.510	603
2.561	571
2.611	536
2.662	501
2.712	469
2.762	442
2.813	420
2.863	405
2.913	396
2.963	392
3.013	398
3.063	413
3.114	435
3.164	461
3.214	491
3.264	524
3.314	557
3.364	587
3.415	613
3.465	635
3.515	649
3.566	658
3.616	663
3.667	659
3.717	649
3.767	632
3.817	609
3.867	584
3.917	554
3.968	524
4.018	496
4.068	469
4.118	446
4.168	430
4.218	419
4.269	415
4.319	416
4.369	424
4.419	440
4.470	460
4.521	485
4.571	513
4.621	542
4.671	568
4.721	593
4.771	615
4.822	630
4.872	640
4.922	644
4.972	644
5.022	638
5.072	624
5.123	606
5.173	585
5.223	561
5.273	535
5.323	507
5.375	483
5.425	461
5.475	444
5.525	432
5.575	428
5.625	428
5.676	434
5.726	446
5.776	464
5.826	486
5.876	509
5.926	535
5.977	561
6.027	584
6.077	605
6.127	621
6.177	632
6.228	637
6.279	638
6.329	633
6.379	622
6.429	606
6.479	586
6.530	564
6.580	539
6.630	514
6.680	490
6.730	470
6.781	452
6.831	439
6.881	431
6.931	430
6.981	433
7.031	444
7.082	459
7.133	480
7.183	503
7.233	528
7.283	552
7.333	576
7.384	597
7.434	613
7.484	626
7.534	634
7.584	636
7.635	633
7.685	626
7.735	612
7.785	593
7.835	572
7.885	549
7.936	524
7.986	499
8.037	477
8.087	459
8.137	445
8.187	435
8.238	431
8.288	433
8.338	438
8.388	452
8.438	469
8.489	490
8.539	514
8.589	539
8.639	563
8.689	585
8.739	604
8.790	618
8.840	629
8.890	634
8.941	634
8.991	628
9.041	619
9.092	603
9.142	583
9.192	562
9.242	538
9.292	514
9.343	491
9.393	471
9.443	454
9.493	441
9.543	434
9.593	432
9.644	435
9.694	445
9.744	459
9.794	479
9.845	499
9.896	522
9.946	546
9.996	568
10.046	589
10.096	605
10.146	618
10.197	626
10.247	630
10.297	628
10.347	621
10.397	609
10.447	593
10.498	574
10.548	553
10.598	530
10.648	507
10.698	486
10.750	468
10.800	454
10.850	444
10.900	438
10.950	438
11.000	444
11.051	455
11.101	471
11.151	489
11.201	510
11.251	532
11.301	554
11.352	574
11.402	591
11.452	606
11.502	616
11.552	621
11.603	622
11.654	618
11.704	610
11.754	597
11.804	580
11.854	561
11.905	541
11.955	519
12.005	497
12.055	480
12.105	465
12.155	454
12.206	447
12.256	445
12.306	448
12.356	456
12.406	469
12.457	484
12.507	503
12.558	523
12.608	544
12.658	564
12.708	582
12.759	596
12.809	607
12.859	616
12.909	617
12.959	616
13.009	609
13.060	598
13.110	584
13.160	566
13.210	548
13.260	527
13.311	507
13.361	488
13.411	473
13.462	461
13.512	451
13.562	449
13.613	449
13.663	455
13.713	466
13.763	480
13.813	497
13.864	516
13.914	536
13.964	555
14.014	573
14.064	589
14.114	601
14.165	610
14.215	614
14.265	614
14.315	609
14.366	600
14.416	588
14.467	572
14.517	554
14.567	534
14.617	515
14.667	496
14.718	480
14.768	467
14.818	457
14.868	452
14.918	450
14.968	454
15.019	463
15.069	475
15.119	491
15.169	508
15.220	527
15.270	547
15.321	565
15.371	581
15.421	595
15.471	604
15.521	609
15.572	612
15.622	609
15.672	604
15.722	592
15.772	578
15.822	561
15.873	543
15.923	525
15.973	506
16.023	488
16.073	474
16.125	463
16.175	454
16.225	452
16.275	453
16.325	460
16.375	469
16.426	484
16.476	500
16.526	517
16.576	536
16.626	555
16.676	572
16.727	587
16.777	598
16.827	606
16.877	610
16.927	610
16.977	605
17.029	596
17.079	585
17.129	569
17.179	552
17.229	535
17.280	516
17.330	499
17.380	483
17.430	470
17.480	461
17.530	456
17.581	455
17.631	459
17.681	466
17.731	477
17.781	492
17.832	509
17.882	526
17.933	545
17.983	561
18.033	577
18.083	590
18.134	599
18.184	605
18.234	607
18.284	605
18.334	598
18.384	589
18.435	576
18.485	560
18.535	543
18.585	526
18.635	508
18.686	492
18.736	479
18.786	469
18.837	462
18.887	459
18.937	460
18.988	465
19.038	475
19.088	487
19.138	502
19.188	518
19.238	536
19.289	552
19.339	568
19.389	582
19.439	592
19.489	600
19.540	603
19.590	602
19.640	599
19.690	590
19.741	579
19.791	565
19.842	550
19.892	534
19.942	517
19.992	500
20.042	487
20.093	475
20.143	467
20.193	462
20.243	462
20.293	465
20.343	472
20.394	483
20.444	496
20.494	512
20.544	529
20.594	545
20.645	560
20.696	575
20.746	585
20.796	595
20.846	599
20.896	601
20.947	598
20.997	592
21.047	582
21.097	570
21.147	556
21.197	541
21.248	524
21.298	507
21.348	494
21.398	481
21.448	472
21.498	466
21.550	463
21.600	465
21.650	470
21.700	479
21.750	491
21.801	506
21.851	521
21.901	538
21.951	552
22.001	568
22.051	580
22.102	589
22.152	596
22.202	599
22.252	598
22.302	593
22.352	586
22.403	575
22.454	561
22.504	547
22.554	531
22.604	515
22.655	500
22.705	487
22.755	477
22.805	469
22.855	466
22.905	465
22.956	468
23.006	476
23.056	487
23.106	500
23.156	514
23.206	529
23.257	545
23.307	560
23.358	574
23.408	584
23.458	592
23.509	596
23.559	598
23.609	595
23.659	588
23.709	579
23.759	567
23.810	552
23.860	538
23.910	522
23.960	508
24.010	494
24.061	482
24.111	474
24.161	468
24.211	467
24.262	468
24.312	474
24.363	482
24.413	494
24.463	507
24.513	523
24.563	538
24.613	553
24.664	565
24.714	578
24.764	586
24.814	593
24.864	595
24.915	594
24.965	590
25.015	582
25.065	572
25.116	559
25.166	545
25.217	530
25.267	516
25.317	502
25.367	489
25.417	479
25.467	472
25.518	469
25.568	468
25.618	472
25.668	479
25.718	490
25.769	501
25.819	516
25.869	530
25.919	545
25.969	559
26.020	571
26.071	581
26.121	587
26.171	592
26.221	593
26.271	590
26.321	584
26.372	575
26.422	565
26.472	551
26.522	537
26.572	522
26.623	509
26.673	496
26.723	485
26.773	477
26.823	472
26.873	471
26.925	473
26.975	478
27.025	486
27.075	497
27.125	510
27.176	524
27.226	538
27.276	552
27.326	564
27.376	575
27.426	582
27.477	589
27.527	590
27.577	590
27.627	585
27.677	578
27.727	568
27.778	556
27.829	543
27.879	529
27.929	515
27.979	502
28.030	490
28.080	482
28.130	476
28.180	473
28.230	473
28.280	476
28.331	483
28.381	493
28.431	505
28.481	518
28.531	532
28.581	545
28.632	558
28.682	569
28.733	578
28.783	585
28.833	588
28.884	588
28.934	586
28.984	579
29.034	571
29.084	561
29.134	548
29.185	535
29.235	522
29.285	508
29.335	496
29.385	487
29.435	479
29.486	475
29.536	473
29.586	476
29.637	481
29.687	490
29.738	500
29.788	512
29.838	525
29.888	539
29.938	551
29.988	563
30.039	573
30.089	581
30.139	585
30.189	587
30.239	586
30.289	581
30.340	575
30.390	566
30.440	553
30.490	540
30.541	527
30.592	515
30.642	502
30.692	491
30.742	483
30.792	478
30.842	476
30.893	475
30.943	480
30.993	487
31.043	496
31.093	507
31.144	520
31.194	532
31.244	545
31.294	557
31.344	568
31.394	576
31.446	582
31.496	586
31.546	586
31.596	582
31.646	577
31.696	568
31.747	558
31.797	546
31.847	533
31.897	521
31.947	508
31.998	497
32.048	488
32.098	481
32.148	477
32.198	476
32.248	479
32.299	484
32.350	492
32.400	502
32.450	513
32.500	526
32.550	538
32.601	552
32.651	562
32.701	570
32.751	578
32.801	582
32.852	583
32.902	582
32.952	578
33.002	571
33.052	562
33.102	551
33.153	540
33.203	527
33.254	515
33.304	504
33.354	494
33.405	486
33.455	480
33.505	478
33.555	479
33.605	483
33.655	489
33.706	498
33.756	509
33.806	520
33.856	532
33.906	545
33.956	556
34.007	566
34.057	574
34.107	579
34.158	581
34.208	582
34.259	579
34.309	574
34.359	565
34.409	556
34.459	545
34.509	532
34.560	520
34.610	509
34.660	499
34.710	491
34.760	484
34.810	481
34.861	481
34.911	483
34.961	488
35.011	495
35.062	505
35.113	515
35.163	527
35.213	539
35.263	551
35.313	561
35.363	569
35.414	575
35.464	579
35.514	580
35.564	579
35.614	574
35.664	568
35.715	559
35.765	549
35.815	537
35.865	526
35.915	515
35.967	504
36.017	495
36.067	488
36.117	484
36.167	482
36.217	482
36.268	486
36.318	492
36.368	501
36.418	511
36.468	524
36.518	533
36.569	545
36.619	555
36.669	563
36.719	571
36.769	576
36.820	579
36.871	578
36.921	575
36.971	570
37.021	563
37.071	553
37.122	542
37.172	531
37.222	519
37.272	509
37.322	500
37.373	492
37.423	486
37.473	483
37.523	483
37.573	485
37.623	489
37.674	497
37.725	507
37.775	517
37.825	529
37.875	540
37.925	551
37.976	560
38.026	568
38.076	572
38.126	577
38.176	578
38.227	576
38.277	572
38.327	565
38.377	557
38.427	548
38.477	536
38.528	526
38.578	514
38.629	505
38.679	496
38.729	489
38.779	485
38.830	484
38.880	485
38.930	488
38.980	495
39.030	503
39.081	513
39.131	523
39.181	534
39.231	545
39.281	554
39.331	564
39.382	570
39.432	575
39.482	576
39.533	576
39.583	572
39.633	567
39.684	560
39.734	551
39.784	541
39.834	530
39.884	518
39.935	509
39.985	500
40.035	493
40.085	488
40.135	485
40.185	485
40.236	488
40.286	494
40.336	500
40.386	509
40.437	518
40.488	530
40.538	541
40.588	550
40.638	560
40.688	567
40.738	571
40.789	575
40.839	575
40.889	573
40.939	569
40.989	562
41.039	554
41.090	545
41.140	534
41.190	524
41.240	514
41.290	504
41.342	496
41.392	491
41.442	487
41.492	486
41.542	487
41.592	491
41.643	497
41.693	505
41.743	515
41.793	525
41.843	535
41.893	545
41.944	555
41.994	562
42.044	569
42.094	572
42.144	574
42.195	573
42.246	570
42.296	564
42.346	558
42.396	549
42.446	539
42.497	529
42.547	519
42.597	508
42.647	502
42.697	495
42.747	490
42.798	488
42.848	488
42.898	491
42.948	496
42.998	502
43.049	511
43.099	520
43.150	530
43.200	541
43.250	550
43.300	557
43.351	564
43.401	569
43.451	571
43.501	572
43.551	570
43.601	566
43.652	560
43.702	551
43.752	543
43.802	534
43.852	523
43.903	514
43.953	505
44.003	498
44.054	493
44.104	490
44.154	489
44.205	491
44.255	494
44.305	500
44.355	508
44.405	516
44.456	527
44.506	535
44.556	545
44.606	553
44.656	561
44.706	566
44.757	570
44.807	571
44.857	571
44.907	567
44.958	562
45.008	555
45.059	547
45.109	537
45.159	528
45.209	518
45.259	508
45.310	502
45.360	496
45.410	492
45.460	490
45.510	491
45.560	493
45.611	498
45.661	505
45.711	513
45.761	521
45.812	531
45.862	541
45.913	550
45.963	557
46.013	563
46.063	567
46.113	569
46.164	570
46.214	568
46.264	563
46.314	558
46.364	550
46.414	541
46.465	532
46.515	523
46.565	514
46.615	506
46.665	499
46.717	494
46.767	492
46.817	491
46.867	493
46.917	496
46.967	502
47.018	509
47.068	518
47.118	527
47.168	536
47.218	545
47.268	553
47.319	560
47.369	563
47.419	567
47.469	569
47.519	568
47.569	565
47.621	559
47.671	552
47.721	545
47.771	536
47.821	527
47.872	518
47.922	509
47.972	503
48.022	497
48.072	493
48.122	492
48.173	493
48.223	496
48.273	500
48.323	506
48.373	514
48.424	522
48.474	532
48.525	540
48.575	549
48.625	556
48.675	561
48.726	566
48.776	568
48.826	567
48.876	565
48.926	561
48.976	556
49.027	548
49.077	540
49.127	531
49.177	523
49.227	514
49.278	507
49.328	500
49.378	496
49.429	493
49.479	493
49.529	494
49.580	499
49.630	504
49.680	511
49.730	519
49.780	528
49.830	536
49.881	545
49.931	552
49.981	559
50.031	564
50.081	566
50.132	567
50.182	566
50.232	562
50.282	558
50.333	551
50.383	544
50.434	536
50.484	527
50.534	518
50.584	510
50.634	504
50.685	498
50.735	496
50.785	494
50.835	495
50.885	497
50.935	502
50.986	508
51.036	516
51.086	524
51.136	532
51.186	540
51.237	548
51.288	555
51.338	560
51.388	564
51.438	566
51.488	565
51.539	563
51.589	560
51.639	554
51.689	547
51.739	539
51.789	531
51.840	522
51.890	515
51.940	507
51.990	502
52.040	497
52.090	495
52.142	496
52.192	497
52.242	501
52.292	506
52.342	512
52.393	520
52.443	528
52.493	537
52.543	545
52.593	551
52.643	557
52.694	561
52.744	564
52.794	564
52.844	563
52.894	560
52.944	555
52.995	549
53.046	542
53.096	534
53.146	526
53.196	518
53.247	511
53.297	505
53.347	500
53.397	497
53.447	496
53.497	497
53.548	499
53.598	503
53.648	510
53.698	517
53.748	525
53.798	534
53.849	541
53.899	548
53.950	554
54.000	559
54.050	562
54.101	563
54.151	564
54.201	560
54.251	556
54.301	551
54.351	543
54.402	536
54.452	529
54.502	521
54.552	514
54.602	508
54.653	503
54.703	499
54.753	498
54.803	497
54.854	499
54.904	503
54.955	508
55.005	514
55.055	522
55.105	529
55.155	537
55.205	545
55.256	551
55.306	556
55.356	560
55.406	562
55.456	562
55.507	561
55.557	558
55.607	554
55.657	547
55.708	541
55.758	532
55.809	525
55.859	517
55.909	510
55.959	504
56.009	501
56.059	498
56.110	497
56.160	499
56.210	502
56.260	505
56.310	512
56.361	519
56.411	526
56.461	533
56.511	541
56.561	547
56.612	553
56.663	558
56.713	561
56.763	561
56.813	562
56.863	559
56.913	555
56.964	549
57.014	543
57.064	535
57.114	528
57.164	521
57.215	515
57.265	508
57.315	503
57.365	501
57.415	499
57.465	499
57.517	501
57.567	505
57.617	510
57.667	516
57.717	523
57.768	530
57.818	538
57.868	544
57.918	550
57.968	555
58.018	559
58.069	561
58.119	561
58.169	559
58.219	556
58.269	551
58.319	546
58.370	539
58.421	532
58.471	524
58.521	518
58.571	512
58.622	506
58.672	502
58.722	500
58.772	499
58.822	500
58.872	503
58.923	508
58.973	514
59.023	520
59.073	527
59.123	534
59.173	541
59.224	547
59.274	552
59.325	556
59.375	559
59.425	560
59.476	559
59.526	557
59.576	553
59.626	547
59.676	542
59.726	534
59.777	527
59.827	521
59.877	514
59.927	509
59.977	505
60.027	502
60.078	501
60.128	501
60.178	503
60.229	507
60.279	512
60.330	518
60.380	524
60.430	531
60.480	538
60.530	544
60.580	550
60.631	553
60.681	557
60.731	558
60.781	559
60.831	557
60.881	553
60.932	549
60.982	544
61.032	537
61.082	530
61.133	523
61.184	517
61.234	512
61.284	507
61.334	503
61.384	501
61.434	502
61.485	503
61.535	506
61.585	510
61.635	516
61.685	522
61.736	528
61.786	535
61.836	541
61.886	547
61.936	551
61.986	555
62.038	557
62.088	558
62.138	557
62.188	554
62.238	551
62.288	545
62.339	540
62.389	534
62.439	527
62.489	520
62.539	515
62.590	509
62.640	506
62.690	503
62.740	502
62.790	503
62.840	505
62.891	508
62.942	513
62.992	519
63.042	525
63.092	532
63.142	538
63.193	544
63.243	549
63.293	551
63.343	556
63.393	557
63.444	557
63.494	555
63.544	552
63.594	547
63.644	542
63.694	535
63.745	530
63.795	523
63.846	517
63.896	513
63.946	508
63.997	505
64.047	503
64.097	503
64.147	504
64.197	508
64.247	511
64.298	517
64.348	522
64.398	528
64.448	534
64.498	541
64.548	545
64.599	551
64.649	554
64.699	556
64.750	556
64.800	555
64.851	553
64.901	549
64.951	544
65.001	539
65.051	532
65.101	526
65.152	520
65.202	515
65.252	510
65.302	507
65.352	505
65.402	504
65.453	504
65.503	506
65.553	510
65.603	515
65.654	520
65.705	526
65.755	532
65.805	538
65.855	543
65.905	548
65.955	553
66.006	554
66.056	556
66.106	555
66.156	554
66.206	551
66.256	545
66.307	541
66.357	535
66.407	528
66.457	523
66.507	517
66.559	513
66.609	508
66.659	506
66.709	504
66.759	505
66.809	506
66.860	509
66.910	513
66.960	518
67.010	524
67.060	529
67.110	535
67.161	542
67.211	546
67.261	550
67.311	553
67.361	555
67.412	553
67.463	553
67.513	551
67.563	547
67.613	542
67.663	537
67.714	531
67.764	526
67.814	520
67.864	515
67.914	511
67.965	508
68.015	506
68.065	506
68.115	506
68.165	508
68.215	512
68.266	516
68.317	521
68.367	527
68.417	533
68.467	538
68.517	544
68.568	548
68.618	551
68.668	553
68.718	554
68.768	553
68.819	552
68.869	548
68.919	545
68.969	540
69.019	534
69.069	528
69.120	522
69.170	518
69.221	513
69.271	510
69.321	507
69.371	506
69.422	506
69.472	508
69.522	510
69.572	515
69.622	519
69.673	525
69.723	529
69.773	536
69.823	541
69.873	546
69.923	549
69.974	551
70.024	553
70.074	554
70.125	551
70.175	549
70.225	546
70.276	542
70.326	536
70.376	530
70.426	525
70.476	521
70.527	515
70.577	512
70.627	509
70.677	507
70.727	506
70.777	508
70.828	510
70.878	513
70.928	518
70.978	523
71.029	527
71.080	533
71.130	538
71.180	543
71.230	547
71.280	550
71.330	552
71.381	552
71.431	551
71.481	549
71.531	547
71.581	543
71.631	538
71.682	532
71.732	527
71.782	522
71.832	517
71.882	514
71.934	510
71.984	509
72.034	507
72.084	508
72.134	509
72.184	512
72.235	516
72.285	520
72.335	526
72.385	531
72.435	536
72.485	541
72.536	544
72.586	548
72.636	550
72.686	551
72.736	552
72.787	550
72.838	547
72.888	544
72.938	540
72.988	535
73.038	530
73.089	525
73.139	520
73.189	515
73.239	512
73.289	510
73.339	509
73.390	508
73.440	509
73.490	512
73.540	515
73.590	519
73.641	524
73.691	529
73.742	534
73.792	538
73.842	542
73.892	547
73.943	549
73.993	550
74.043	551
74.093	550
74.143	548
74.193	545
74.244	541
74.294	537
74.344	532
74.394	527
74.444	522
74.495	518
74.545	514
74.595	511
74.646	510
74.696	509
74.746	510
74.797	512
74.847	514
74.897	517
74.947	522
74.997	527
75.048	532
75.098	536
75.148	541
75.198	544
75.248	547
75.298	549
75.349	551
75.399	550
75.449	548
75.499	545
75.550	541
75.600	538
75.651	533
75.701	529
75.751	524
75.801	520
75.851	516
75.902	513
75.952	511
76.002	509
76.052	510
76.102	510
76.152	513
76.203	516
76.253	520
76.303	525
76.353	529
76.404	534
76.454	538
76.505	542
76.555	546
76.605	548
76.655	549
76.705	549
76.756	548
76.806	546
76.856	543
76.906	540
76.956	535
77.006	531
77.057	526
77.107	522
77.157	517
77.207	514
77.257	512
77.309	510
77.359	510
77.409	512
77.459	512
77.509	515
77.559	518
77.610	523
77.660	527
77.710	532
77.760	536
77.810	541
