#Creator: pendulumdriveEventBuffer
#Creation time: Wed Apr 20 15:41:28 2016
#Time	Pos
#[s]	[au]
0.050	508
0.101	507
0.151	508
0.201	508
0.251	509
0.301	511
0.351	515
0.402	519
0.452	523
0.503	527
0.553	531
0.603	536
0.653	537
0.704	541
0.754	542
0.804	540
0.854	541
0.904	537
0.955	532
1.005	528
1.055	522
1.105	517
1.155	510
1.205	504
1.256	499
1.306	496
1.356	493
1.407	492
1.457	495
1.508	495
1.558	499
1.608	505
1.658	512
1.708	520
1.758	527
1.809	535
1.859	540
1.909	549
1.959	553
2.009	553
2.059	556
2.110	553
2.160	549
2.210	545
2.260	536
2.311	529
2.362	519
2.412	510
2.462	500
2.512	493
2.562	486
2.612	481
2.663	480
2.713	480
2.763	482
2.813	489
2.863	496
2.913	505
2.964	515
3.014	527
3.064	536
3.114	547
3.164	554
3.216	559
3.266	566
3.316	567
3.366	565
3.416	561
3.466	552
3.517	546
3.567	535
3.617	522
3.667	511
3.717	499
3.767	489
3.818	479
3.868	475
3.918	466
3.968	469
4.018	474
4.069	479
4.120	487
4.170	498
4.220	509
4.270	523
4.320	535
4.371	548
4.421	557
4.471	568
4.521	572
4.571	575
4.621	576
4.672	568
4.722	564
4.772	553
4.822	541
4.872	527
4.923	513
4.973	500
5.024	487
5.074	478
5.124	467
5.174	463
5.225	464
5.275	464
5.325	471
5.375	479
5.425	490
5.476	504
5.526	518
5.576	533
5.626	545
5.676	559
5.726	568
5.777	577
5.827	581
5.877	579
5.928	579
5.978	570
6.028	558
6.079	547
6.129	533
6.179	518
6.229	503
6.279	489
6.330	476
6.380	467
6.430	463
6.480	458
6.530	466
6.580	464
6.631	473
6.681	486
6.731	498
6.781	513
6.832	528
6.882	543
6.933	552
6.983	569
7.033	577
7.083	578
7.133	583
7.184	580
7.234	572
7.284	565
7.334	549
7.384	539
7.434	523
7.485	507
7.535	493
7.585	481
7.635	472
7.685	462
7.736	463
7.787	459
7.837	463
7.887	472
7.937	481
7.987	494
8.038	508
8.088	524
8.138	536
8.188	551
8.238	563
8.288	570
8.339	578
8.389	580
8.439	577
8.489	574
8.539	562
8.589	555
8.641	541
8.691	527
8.741	513
8.791	500
8.841	488
8.892	477
8.942	473
8.992	465
9.042	465
9.092	469
9.142	473
9.193	482
9.243	493
9.293	505
9.343	518
9.393	531
9.444	544
9.494	552
9.545	562
9.595	567
9.645	569
9.695	570
9.746	564
9.796	562
9.846	553
9.896	541
9.946	531
9.996	520
10.047	509
10.097	497
10.147	491
10.197	481
10.247	479
10.298	478
10.348	478
10.399	482
10.449	488
10.499	495
10.549	504
10.600	514
10.650	524
10.700	532
10.750	540
10.800	546
10.850	551
10.901	555
10.951	554
11.001	554
11.051	552
11.101	545
11.152	542
11.202	534
11.252	526
11.303	519
11.353	512
11.403	504
11.454	501
11.504	498
11.554	494
11.604	494
11.654	495
11.704	497
11.755	501
11.805	504
11.855	508
11.905	514
11.955	520
12.006	523
12.056	527
12.106	533
12.156	534
12.207	538
12.257	539
12.308	538
12.358	539
12.408	537
12.458	535
12.508	533
12.559	530
12.609	528
12.659	524
12.709	521
12.759	518
12.809	515
12.860	512
12.910	510
12.960	508
13.010	507
13.060	506
13.111	505
13.162	504
13.212	507
13.262	508
13.312	509
13.362	512
13.413	515
13.463	517
13.513	522
13.563	526
13.613	526
13.663	532
13.714	536
13.764	537
13.814	540
13.864	541
13.914	540
13.964	539
14.016	535
14.066	534
14.116	531
14.166	526
14.216	521
14.267	515
14.317	509
14.367	505
14.417	501
14.467	496
14.517	493
14.568	494
14.618	493
14.668	495
14.718	499
14.768	503
14.818	511
14.869	517
14.920	524
14.970	532
15.020	540
15.070	545
15.121	550
15.171	554
15.221	553
15.271	557
15.321	554
15.371	548
15.422	544
15.472	536
15.522	527
15.572	518
15.622	509
15.672	499
15.723	490
15.773	485
15.824	479
15.874	477
15.924	477
15.975	479
16.025	486
16.075	492
16.125	502
16.175	513
16.225	524
16.276	535
16.326	546
16.376	556
16.426	562
16.476	570
16.527	572
16.577	569
16.627	569
16.677	562
16.728	553
16.778	543
16.829	530
16.879	517
16.929	504
16.979	492
17.029	479
17.079	472
17.130	465
17.180	462
17.230	464
17.280	464
17.330	473
17.381	484
17.431	497
17.481	510
17.531	525
17.581	541
17.632	553
17.683	567
17.733	577
17.783	581
17.833	587
17.883	585
17.933	580
17.984	573
18.034	560
18.084	547
18.134	532
18.184	515
18.235	498
18.285	483
18.335	468
18.385	458
18.435	453
18.485	448
18.537	449
18.587	457
18.637	464
18.687	478
18.737	493
18.788	510
18.838	528
18.888	547
18.938	564
18.988	574
19.038	590
19.089	594
19.139	599
19.189	598
19.239	589
19.289	582
19.339	568
19.390	549
19.441	531
19.491	511
19.541	492
19.591	474
19.642	460
19.692	445
19.742	440
19.792	438
19.842	438
19.892	449
19.943	457
19.993	472
20.043	492
20.093	512
20.143	533
20.193	552
20.244	573
20.294	585
20.345	600
20.395	607
20.445	606
20.496	607
20.546	599
20.596	584
20.646	570
20.696	545
20.746	528
20.797	506
20.847	485
20.897	465
20.947	449
20.997	439
21.047	428
21.098	436
21.148	432
21.199	440
21.249	454
21.299	471
21.350	493
21.400	515
21.450	537
21.500	556
21.550	580
21.600	598
21.651	605
21.701	616
21.751	618
21.801	610
21.851	603
21.901	581
21.952	570
22.002	548
22.052	523
22.103	500
22.153	478
22.204	458
22.254	440
22.304	437
22.354	422
22.404	422
22.454	432
22.505	437
22.555	453
22.605	474
22.655	496
22.705	519
22.756	545
22.806	568
22.856	585
22.906	604
22.956	614
23.007	617
23.058	620
23.108	608
23.158	604
23.208	587
23.258	565
23.308	543
23.359	519
23.409	494
23.459	471
23.509	455
23.559	433
23.610	424
23.660	424
23.710	420
23.760	427
23.810	442
23.860	457
23.912	479
23.962	501
24.012	526
24.062	549
24.112	573
24.162	591
24.213	606
24.263	617
24.313	616
24.363	622
24.413	611
24.464	595
24.514	582
24.564	559
24.614	536
24.664	513
24.714	490
24.765	465
24.816	449
24.866	438
24.916	426
24.966	425
25.016	427
25.067	433
25.117	450
25.167	464
25.217	485
25.267	508
25.318	531
25.368	554
25.418	574
25.468	591
25.518	601
25.568	613
25.619	613
25.669	608
25.720	603
25.770	588
25.820	572
25.871	552
25.921	530
25.971	509
26.021	488
26.071	471
26.121	453
26.172	444
26.222	437
26.272	434
26.322	441
26.372	444
26.422	457
26.473	475
26.523	492
26.573	511
26.624	531
26.674	551
26.725	565
26.775	582
26.825	591
26.875	595
26.925	599
26.975	594
27.026	590
27.076	579
27.126	563
27.176	549
27.226	531
27.276	514
27.327	497
27.377	487
27.427	469
27.477	460
27.528	456
27.579	451
27.629	451
27.679	458
27.729	465
27.779	480
27.829	490
27.880	506
27.930	520
27.980	536
28.030	550
28.080	561
28.130	572
28.181	572
28.231	583
28.281	584
28.331	579
28.381	576
28.433	568
28.483	555
28.533	545
28.583	529
28.633	516
28.683	503
28.734	491
28.784	479
28.834	471
28.884	465
28.934	460
28.984	463
29.035	462
29.085	469
29.135	478
29.185	488
29.235	501
29.286	514
29.337	529
29.387	539
29.437	555
29.487	566
29.537	573
29.588	581
29.638	584
29.688	582
29.738	581
29.788	568
29.839	563
29.889	552
29.939	537
29.989	523
30.039	507
30.089	493
30.140	480
30.191	471
30.241	458
30.291	453
30.341	454
30.391	453
30.442	458
30.492	469
30.542	480
30.592	495
30.642	510
30.693	528
30.743	543
30.793	560
30.843	574
30.893	583
30.943	593
30.994	593
31.044	598
31.095	593
31.145	580
31.195	571
31.245	556
31.296	538
31.346	519
31.396	501
31.446	482
31.496	466
31.547	455
31.597	443
31.647	439
31.697	438
31.747	440
31.797	451
31.848	460
31.898	479
31.948	498
31.999	518
32.049	539
32.100	559
32.150	578
32.200	590
32.250	605
32.300	611
32.350	608
32.401	609
32.451	599
32.501	587
32.551	571
32.601	548
32.651	528
32.702	504
32.752	483
32.802	461
32.852	445
32.903	433
32.954	424
33.004	426
33.054	424
33.104	434
33.154	450
33.204	466
33.255	489
33.305	512
33.355	537
33.405	559
33.455	583
33.505	601
33.556	611
33.606	624
33.656	622
33.706	622
33.756	614
33.808	596
33.858	579
33.908	557
33.958	530
34.008	505
34.058	481
34.109	457
34.159	436
34.209	426
34.259	412
34.309	410
34.359	416
34.410	423
34.460	446
34.510	459
34.560	483
34.610	510
34.661	538
34.712	564
34.762	586
34.812	609
34.862	618
34.912	633
34.963	636
35.013	627
35.063	623
35.113	606
35.163	582
35.213	559
35.264	530
35.314	503
35.364	476
35.414	453
35.464	429
35.515	414
35.565	408
35.616	401
35.666	415
35.716	417
35.766	434
35.817	459
35.867	482
35.917	510
35.967	539
36.017	569
36.068	587
36.118	615
36.168	630
36.218	633
36.268	641
36.318	636
36.369	622
36.419	608
36.469	580
36.520	559
36.570	530
36.620	501
36.671	472
36.721	447
36.771	428
36.821	409
36.871	406
36.922	398
36.972	405
37.022	421
37.072	435
37.122	459
37.172	486
37.223	515
37.273	542
37.323	573
37.373	596
37.424	611
37.474	631
37.525	636
37.575	636
37.625	634
37.675	618
37.725	604
37.776	581
37.826	552
37.876	526
37.926	498
37.976	472
38.026	447
38.077	432
38.127	412
38.177	407
38.227	410
38.277	412
38.328	426
38.379	443
38.429	465
38.479	491
38.529	517
38.579	543
38.630	567
38.680	592
38.730	608
38.780	619
38.830	628
38.880	624
38.931	625
38.981	611
39.031	592
39.081	574
39.131	550
39.181	526
39.233	501
39.283	479
39.333	456
39.383	441
39.433	431
39.484	422
39.534	423
39.584	426
39.634	435
39.684	453
39.734	468
39.785	490
39.835	512
39.885	535
39.935	556
39.985	575
40.036	592
40.086	600
40.137	611
40.187	611
40.237	606
40.287	602
40.338	588
40.388	573
40.438	556
40.488	535
40.538	516
40.588	496
40.639	479
40.689	461
40.739	451
40.789	442
40.839	437
40.890	441
40.940	442
40.991	452
41.041	467
41.091	480
41.141	498
41.192	517
41.242	535
41.292	551
41.342	569
41.392	581
41.442	588
41.493	598
41.543	596
41.593	597
41.643	592
41.693	579
41.744	570
41.794	554
41.844	536
41.895	519
41.945	505
41.995	485
42.046	470
42.096	461
42.146	449
42.196	445
42.246	446
42.296	447
42.347	459
42.397	465
42.447	478
42.497	495
42.547	511
42.598	529
42.648	545
42.698	563
42.748	570
42.799	587
42.849	595
42.900	596
42.950	600
43.000	596
43.050	584
43.100	575
43.151	556
43.201	542
43.251	525
43.301	506
43.351	487
43.401	471
43.452	458
43.502	446
43.552	443
43.602	436
43.652	439
43.703	448
43.754	457
43.804	471
43.854	489
43.904	508
43.954	528
44.005	549
44.055	568
44.105	580
44.155	597
44.205	605
44.255	608
44.306	610
44.356	601
44.406	597
44.456	582
44.506	562
44.556	545
44.608	522
44.658	500
44.708	479
44.758	462
44.808	443
44.859	432
44.909	429
44.959	423
45.009	429
45.059	438
45.109	450
45.160	469
45.210	489
45.260	512
45.310	535
45.360	560
45.410	580
45.461	597
45.512	614
45.562	617
45.612	628
45.662	623
45.713	611
45.763	602
45.813	582
45.863	562
45.913	538
45.963	511
46.014	486
46.064	463
46.114	444
46.164	424
46.214	417
46.264	410
46.315	409
46.365	420
46.416	428
46.466	448
46.516	472
46.567	497
46.617	524
46.667	551
46.717	578
46.767	598
46.817	622
46.868	633
46.918	635
46.968	641
47.018	631
47.068	620
47.119	604
47.169	577
47.219	554
47.269	524
47.320	496
47.370	466
47.421	443
47.471	420
47.521	404
47.571	400
47.621	393
47.671	399
47.722	414
47.772	429
47.822	455
47.872	482
47.922	512
47.973	542
48.023	574
48.073	600
48.123	621
48.173	641
48.224	646
48.275	654
48.325	651
48.375	634
48.425	622
48.475	597
48.525	567
48.576	537
48.626	504
48.676	472
48.726	441
48.776	420
48.827	396
48.877	383
48.927	384
48.977	382
49.027	405
49.077	411
49.129	436
49.179	468
49.229	500
49.279	534
49.329	567
49.380	601
49.430	614
49.480	649
49.530	663
49.580	659
49.630	666
49.681	655
49.731	634
49.781	613
49.831	578
49.881	548
49.931	512
49.982	478
50.033	443
50.083	414
50.133	394
50.183	373
50.234	375
50.284	368
50.334	377
50.384	401
50.434	421
50.484	452
50.535	488
50.585	525
50.635	561
50.685	599
50.735	629
50.785	649
50.836	672
50.886	678
50.937	675
50.987	671
51.037	645
51.088	629
51.138	597
51.188	558
51.238	522
51.288	482
51.338	446
51.389	412
51.439	390
51.489	362
51.539	354
51.589	360
51.639	362
51.690	381
51.740	409
51.791	439
51.841	477
51.891	517
51.942	557
51.992	592
52.042	630
52.092	657
52.142	674
52.192	692
52.243	683
52.293	687
52.343	667
52.393	638
52.443	609
52.493	570
52.544	529
52.594	488
52.644	449
52.695	408
52.745	380
52.796	364
52.846	343
52.896	344
52.946	352
52.996	366
53.046	399
53.097	422
53.147	466
53.197	507
53.247	552
53.297	592
53.348	628
53.398	663
53.448	678
53.498	703
53.548	704
53.599	689
53.650	680
53.700	652
53.750	619
53.800	582
53.850	537
53.900	493
53.951	450
54.001	414
54.051	377
54.101	356
54.151	338
54.202	330
54.252	347
54.302	352
54.352	380
54.402	417
54.452	455
54.504	500
54.554	546
54.604	591
54.654	625
54.704	665
54.754	691
54.805	700
54.855	715
54.905	701
54.955	691
55.005	667
55.056	627
55.106	592
55.156	547
55.206	500
55.256	453
55.306	421
55.357	376
55.408	346
55.458	337
55.508	320
55.558	326
55.608	347
55.659	367
55.709	415
55.759	444
55.809	490
55.859	538
55.910	587
55.960	629
56.010	661
56.060	696
56.110	698
56.160	723
56.211	719
56.261	696
56.312	679
56.362	644
56.412	600
56.463	556
56.513	508
56.563	458
56.613	413
56.663	380
56.713	342
56.764	322
56.814	320
56.864	314
56.914	347
56.964	354
57.014	389
57.065	435
57.115	481
57.165	531
57.216	579
57.266	628
57.317	656
57.367	701
57.417	722
57.467	722
57.517	731
57.567	715
57.618	686
57.668	659
57.718	612
57.768	567
57.818	518
57.868	467
57.919	417
57.969	375
58.019	344
58.069	314
58.120	313
58.171	300
58.221	315
58.271	346
58.321	374
58.371	419
58.421	468
58.472	520
58.522	570
58.572	623
58.622	665
58.672	692
58.722	727
58.773	738
58.823	735
58.873	731
58.923	697
58.973	677
59.025	632
59.075	578
59.125	529
59.175	476
59.225	425
59.275	377
59.326	347
59.376	306
59.426	293
59.476	300
59.526	301
59.576	327
59.627	361
59.677	401
59.727	454
59.777	502
59.827	560
59.878	609
59.929	660
59.979	697
60.029	723
60.079	747
60.129	740
60.180	749
60.230	723
60.280	685
60.330	651
60.380	599
60.431	545
60.481	490
60.531	438
60.581	384
60.631	342
60.681	318
60.732	287
60.783	285
60.833	292
60.883	306
60.933	347
60.983	377
61.034	431
61.084	487
61.134	544
61.184	597
61.234	649
61.285	695
61.335	720
61.385	757
61.435	763
61.485	747
61.535	742
61.586	706
61.636	669
61.687	623
61.737	564
61.787	509
61.837	451
61.888	402
61.938	348
61.988	317
62.038	288
62.088	270
62.139	286
62.189	286
62.239	317
62.289	362
62.339	406
62.389	466
62.440	522
62.490	582
62.540	633
62.591	688
62.641	726
62.692	745
62.742	772
62.792	756
62.842	759
62.892	734
62.942	686
62.993	649
63.043	593
63.093	533
63.143	472
63.193	423
63.243	361
63.294	316
63.344	296
63.394	262
63.444	259
63.495	278
63.546	291
63.596	347
63.646	376
63.696	431
63.746	494
63.796	556
63.847	616
63.897	666
63.947	718
63.997	736
64.047	777
64.097	785
64.148	766
64.198	758
64.248	723
64.298	674
64.348	627
64.400	561
64.450	503
64.500	440
64.550	387
64.600	330
64.650	293
64.701	274
64.751	247
64.801	263
64.851	264
64.901	298
64.951	349
65.002	396
65.052	457
65.102	520
65.152	586
65.202	638
65.253	700
65.304	742
65.354	760
65.404	792
65.454	789
65.504	772
65.555	754
65.605	706
65.655	667
65.705	606
65.755	541
65.805	477
65.856	415
65.906	360
65.956	307
66.006	284
66.056	242
66.107	239
66.157	258
66.208	270
66.258	310
66.308	361
66.358	416
66.409	480
66.459	546
66.509	611
66.559	662
66.609	720
66.660	755
66.710	781
66.760	801
66.810	849
66.860	783
66.910	746
66.961	693
67.011	648
67.061	583
67.112	518
67.162	451
67.212	394
67.263	328
67.313	288
67.363	266
67.413	234
67.463	244
67.514	252
67.564	276
67.614	327
67.664	370
67.714	434
67.764	503
67.815	570
67.865	632
67.915	690
67.965	742
68.016	763
68.066	803
68.117	731
68.167	811
68.217	774
68.267	728
68.317	683
68.368	628
68.418	560
68.468	494
68.518	426
68.568	370
68.618	311
68.669	279
68.719	244
68.769	228
68.819	212
68.869	249
68.920	287
68.971	340
69.021	391
69.071	459
69.121	525
69.171	593
69.222	650
69.272	714
69.322	757
69.372	778
69.422	812
69.472	808
69.523	819
69.573	767
69.623	715
69.673	671
69.723	609
69.773	541
69.825	472
69.875	417
69.925	346
69.975	294
70.025	268
70.076	233
70.126	301
70.176	236
70.226	256
70.276	319
70.326	348
70.377	410
70.427	478
70.477	547
70.527	613
70.577	671
70.628	730
70.678	744
70.729	799
70.779	746
70.829	816
70.879	792
70.930	756
70.980	703
71.030	655
71.080	580
71.130	521
71.180	452
71.231	392
71.281	327
71.331	282
71.381	256
71.431	224
71.482	255
71.532	240
