#Creator: pendulumdriveEventBuffer
#Creation time: Wed Apr 20 15:41:28 2016
#Time	Pos
#[s]	[au]
0.050	536
0.100	534
0.151	532
0.201	529
0.251	526
0.301	523
0.351	520
0.401	518
0.452	515
0.502	514
0.552	513
0.602	513
0.653	513
0.704	515
0.754	516
0.804	520
0.854	523
0.904	528
0.954	532
1.005	535
1.055	541
1.105	545
1.155	547
1.205	551
1.255	551
1.306	554
1.356	553
1.406	550
1.456	549
1.506	546
1.558	540
1.608	536
1.658	529
1.708	524
1.758	519
1.808	513
1.859	508
1.909	504
1.959	502
2.009	500
2.059	504
2.109	502
2.160	504
2.210	510
2.260	514
2.310	520
2.360	527
2.411	534
2.462	538
2.512	548
2.562	553
2.612	557
2.662	561
2.713	563
2.763	562
2.813	563
2.863	554
2.913	555
2.964	549
3.014	541
3.064	535
3.114	526
3.164	518
3.214	511
3.265	506
3.315	499
3.366	496
3.416	494
3.466	492
3.516	493
3.567	496
3.617	501
3.667	508
3.717	514
3.767	523
3.818	531
3.868	539
3.918	547
3.968	554
4.018	561
4.068	562
4.119	569
4.169	569
4.219	565
4.270	566
4.320	560
4.370	554
4.421	547
4.471	538
4.521	530
4.571	521
4.621	514
4.672	505
4.722	499
4.772	494
4.822	490
4.872	490
4.922	488
4.973	493
5.023	498
5.073	503
5.123	510
5.174	519
5.225	527
5.275	535
5.325	545
5.375	552
5.425	557
5.475	564
5.526	567
5.576	568
5.626	569
5.676	564
5.726	563
5.776	557
5.827	549
5.877	543
5.927	534
5.977	527
6.027	518
6.079	510
6.129	503
6.179	497
6.229	495
6.279	492
6.329	492
6.380	493
6.430	497
6.480	503
6.530	508
6.580	516
6.630	524
6.681	531
6.731	539
6.781	547
6.831	553
6.881	556
6.932	562
6.983	565
7.033	563
7.083	563
7.133	559
7.183	557
7.234	551
7.284	543
7.334	538
7.384	531
7.434	523
7.484	517
7.535	511
7.585	505
7.635	501
7.685	500
7.735	498
7.786	498
7.836	502
7.887	504
7.937	509
7.987	514
8.037	521
8.088	526
8.138	533
8.188	539
8.238	543
8.288	549
8.338	552
8.389	555
8.439	557
8.489	555
8.539	557
8.589	554
8.640	549
8.690	546
8.741	541
8.791	537
8.841	531
8.891	525
8.942	520
8.992	515
9.042	512
9.092	509
9.142	507
9.193	505
9.243	506
9.293	507
9.343	509
9.393	513
9.443	516
9.494	520
9.544	524
9.594	530
9.645	534
9.695	538
9.745	543
9.796	545
9.846	548
9.896	550
9.946	548
9.996	552
10.047	551
10.097	548
10.147	545
10.197	543
10.247	538
10.297	535
10.348	529
10.398	526
10.448	522
10.498	518
10.549	515
10.599	511
10.650	510
10.700	508
10.750	509
10.800	509
10.850	511
10.901	513
10.951	516
11.001	520
11.051	524
11.101	528
11.151	532
11.202	537
11.252	541
11.302	544
11.352	548
11.402	550
11.453	551
11.504	553
11.554	550
11.604	551
11.654	548
11.704	543
11.755	541
11.805	536
11.855	531
11.905	527
11.955	522
12.005	518
12.056	512
12.106	510
12.156	507
12.206	506
12.256	506
12.306	506
12.358	508
12.408	510
12.458	514
12.508	518
12.558	524
12.609	528
12.659	534
12.709	540
12.759	543
12.809	549
12.859	552
12.910	553
12.960	557
13.010	556
13.060	555
13.110	554
13.161	549
13.211	547
13.262	540
13.312	535
13.362	529
13.412	522
13.463	517
13.513	511
13.563	508
13.613	504
13.663	501
13.713	500
13.764	501
13.814	503
13.864	505
13.914	509
13.964	516
14.015	521
14.065	527
14.115	533
14.166	540
14.216	546
14.266	552
14.317	556
14.367	557
14.417	561
14.467	562
14.517	556
14.567	557
14.618	553
14.668	548
14.718	543
14.768	535
14.818	529
14.869	522
14.919	515
14.969	508
15.019	504
15.070	499
15.120	496
15.171	496
15.221	496
15.271	499
15.321	503
15.371	507
15.421	514
15.472	521
15.522	529
15.572	535
15.622	543
15.672	550
15.723	555
15.773	561
15.823	558
15.873	566
15.923	566
15.974	561
16.025	560
16.075	555
16.125	547
16.175	541
16.225	531
16.276	525
16.326	517
16.376	511
16.426	503
16.476	498
16.526	496
16.577	492
16.627	494
16.677	493
16.727	497
16.777	503
16.827	508
16.879	515
16.929	524
16.979	533
17.029	539
17.079	548
17.130	555
17.180	559
17.230	566
17.280	568
17.330	568
17.380	567
17.431	560
17.481	560
17.531	553
17.581	545
17.631	538
17.681	529
17.732	521
17.783	512
17.833	506
17.883	498
17.933	493
17.984	492
18.034	490
18.084	491
18.134	494
18.184	498
18.234	505
18.285	510
18.335	520
18.385	528
18.435	537
18.485	546
18.535	553
18.586	560
18.636	563
18.687	567
18.737	570
18.787	567
18.838	568
18.888	562
18.938	556
18.988	550
19.038	540
19.088	533
19.139	524
19.189	515
19.239	506
19.289	500
19.339	494
19.389	490
19.440	489
19.490	488
19.541	491
19.591	495
19.641	501
19.692	508
19.742	517
19.792	526
19.842	534
19.892	545
19.942	552
19.993	558
20.043	565
20.093	568
20.143	570
20.193	572
20.244	567
20.294	566
20.344	560
20.394	551
20.445	545
20.495	535
20.546	526
20.596	517
20.646	508
20.696	500
20.746	494
20.796	490
20.847	487
20.897	487
20.947	489
20.997	492
21.047	498
21.098	506
21.148	514
21.198	523
21.248	533
21.298	541
21.349	551
21.400	558
21.450	563
21.500	570
21.550	572
21.600	570
21.650	571
21.701	566
21.751	562
21.801	555
21.851	545
21.901	537
21.952	528
22.002	518
22.052	509
22.102	503
22.152	495
22.202	489
22.254	488
22.304	486
22.354	487
22.404	492
22.454	497
22.505	504
22.555	512
22.605	521
22.655	529
22.705	540
22.755	548
22.806	555
22.856	563
22.906	566
22.956	571
23.006	572
23.056	569
23.107	569
23.158	563
23.208	555
23.258	549
23.308	536
23.359	530
23.409	521
23.459	513
23.509	504
23.559	498
23.609	493
23.660	489
23.710	491
23.760	488
23.810	492
23.860	497
23.910	503
23.961	510
24.011	519
24.062	527
24.112	534
24.162	545
24.213	553
24.263	558
24.313	565
24.363	568
24.413	568
24.463	569
24.514	561
24.564	563
24.614	557
24.664	549
24.714	542
24.764	534
24.815	526
24.865	517
24.915	510
24.966	502
25.016	497
25.067	495
25.117	492
25.167	492
25.217	494
25.267	498
25.317	503
25.368	508
25.418	516
25.468	524
25.518	532
25.568	540
25.618	548
25.669	554
25.719	557
25.769	563
25.819	564
25.870	562
25.921	564
25.971	560
26.021	555
26.071	551
26.121	543
26.171	537
26.222	530
26.272	522
26.322	516
26.372	509
26.422	505
26.473	501
26.523	499
26.573	497
26.623	498
26.673	501
26.723	504
26.775	509
26.825	514
26.875	521
26.925	527
26.975	534
27.025	540
27.076	544
27.126	550
27.176	553
27.226	557
27.276	558
27.327	556
27.377	557
27.427	554
27.477	549
27.527	546
27.577	540
27.628	535
27.679	529
27.729	523
27.779	519
27.829	514
27.879	511
27.930	507
27.980	506
28.030	505
28.080	505
28.130	507
28.181	509
28.231	512
28.281	517
28.331	521
28.381	525
28.431	531
28.482	535
28.532	539
28.583	543
28.633	547
28.683	548
28.733	551
28.784	551
28.834	551
28.884	551
28.934	547
28.984	546
29.035	542
29.085	537
29.135	534
29.185	529
29.235	525
29.285	521
29.336	517
29.386	514
29.437	511
29.487	510
29.537	508
29.588	509
29.638	510
29.688	511
29.738	514
29.788	517
29.838	521
29.889	526
29.939	529
29.989	533
30.039	538
30.089	542
30.139	543
30.190	548
30.240	550
30.290	550
30.341	552
30.391	549
30.442	550
30.492	547
30.542	542
30.592	540
30.642	536
30.692	530
30.743	526
30.793	521
30.843	517
30.893	513
30.943	510
30.993	508
31.044	506
31.094	506
31.144	506
31.194	509
31.245	510
31.296	514
31.346	519
31.396	524
31.446	529
31.496	534
31.546	540
31.597	544
31.647	550
31.697	553
31.747	554
31.797	557
31.847	556
31.898	555
31.948	554
31.998	548
32.048	546
32.098	540
32.150	534
32.200	528
32.250	522
32.300	516
32.350	510
32.400	506
32.451	502
32.501	500
32.551	500
32.601	500
32.651	502
32.701	506
32.752	510
32.802	516
32.852	522
32.902	529
32.952	535
33.003	542
33.054	549
33.104	553
33.154	558
33.204	558
33.254	564
33.305	563
33.355	559
33.405	558
33.455	553
33.505	547
33.556	541
33.606	533
33.656	527
33.706	518
33.756	512
33.806	505
33.857	500
33.907	497
33.958	494
34.008	494
34.058	495
34.108	498
34.159	503
34.209	509
34.259	515
34.309	523
34.359	531
34.410	538
34.460	548
34.510	554
34.560	558
34.610	564
34.660	565
34.711	567
34.761	566
34.811	561
34.862	560
34.912	554
34.962	545
35.013	538
35.063	530
35.113	522
35.163	514
35.213	507
35.264	501
35.314	495
35.364	493
35.414	491
35.464	492
35.514	494
35.565	498
35.615	504
35.665	511
35.715	518
35.766	527
35.817	535
35.867	543
35.917	551
35.967	558
36.017	561
36.067	567
36.118	568
36.168	567
36.218	567
36.268	561
36.318	557
36.368	551
36.419	542
36.469	534
36.519	526
36.569	517
36.619	509
36.671	503
36.721	496
36.771	493
36.821	492
36.871	489
36.921	492
36.972	496
37.022	500
37.072	507
37.122	515
37.172	523
37.222	532
37.273	539
37.323	548
37.373	554
37.423	561
37.473	560
37.524	568
37.575	569
37.625	565
37.675	565
37.725	560
37.775	553
37.826	546
37.876	535
37.926	530
37.976	521
38.026	513
38.076	505
38.127	500
38.177	496
38.227	493
38.277	494
38.327	491
38.378	494
38.428	499
38.479	505
38.529	511
38.579	520
38.629	528
38.680	534
38.730	545
38.780	551
38.830	555
38.880	562
38.930	565
38.981	565
39.031	567
39.081	560
39.131	561
39.181	556
39.232	548
39.282	542
39.333	534
39.383	525
39.433	518
39.483	511
39.534	504
39.584	499
39.634	496
39.684	493
39.734	493
39.785	496
39.835	498
39.885	504
39.935	506
39.985	516
40.035	523
40.086	531
40.136	538
40.186	545
40.237	552
40.287	555
40.337	563
40.388	564
40.438	563
40.488	564
40.538	560
40.588	556
40.639	552
40.689	544
40.739	539
40.789	532
40.839	523
40.889	516
40.940	509
40.990	505
41.040	500
41.090	498
41.141	495
41.191	496
41.242	498
41.292	502
41.342	506
41.392	512
41.442	519
41.493	525
41.543	533
41.593	540
41.643	545
41.693	552
41.743	556
41.794	559
41.844	562
41.894	561
41.944	562
41.994	559
42.045	553
42.096	549
42.146	543
42.196	536
42.246	530
42.296	522
42.347	516
42.397	510
42.447	506
42.497	501
42.547	499
42.597	498
42.648	498
42.698	501
42.748	503
42.798	508
42.848	513
42.898	520
42.950	526
43.000	533
43.050	540
43.100	544
43.150	552
43.201	556
43.251	557
43.301	560
43.351	560
43.401	560
43.451	557
43.502	552
43.552	549
43.602	543
43.652	536
43.702	530
43.753	523
43.803	517
43.854	511
43.904	507
43.954	502
44.004	500
44.055	499
44.105	500
44.155	505
44.205	504
44.255	508
44.305	515
44.356	520
44.406	526
44.456	532
44.506	538
44.556	542
44.607	550
44.657	555
44.707	556
44.758	559
44.808	559
44.858	557
44.909	557
44.959	548
45.009	549
45.059	543
45.109	536
45.159	530
45.210	524
45.260	518
45.310	512
45.360	508
45.410	503
45.461	501
45.511	501
45.561	500
45.611	502
45.662	504
45.712	509
45.763	513
45.813	519
45.863	525
45.913	531
45.963	538
46.013	544
46.064	548
46.114	553
46.164	555
46.214	559
46.264	560
46.315	557
46.365	557
46.415	553
46.465	549
46.515	543
46.566	537
46.617	529
46.667	524
46.717	518
46.767	512
46.817	507
46.868	503
46.918	500
46.968	499
47.018	498
47.068	500
47.118	504
47.169	507
47.219	512
47.269	518
47.319	525
47.369	531
47.419	539
47.471	545
47.521	549
47.571	556
47.621	559
47.671	560
47.722	562
47.772	559
47.822	559
47.872	555
47.922	548
47.972	545
48.023	537
48.073	531
48.123	523
48.173	516
48.223	509
48.273	504
48.324	500
48.375	496
48.425	495
48.475	495
48.525	497
48.576	501
48.626	505
48.676	511
48.726	518
48.776	527
48.826	534
48.877	541
48.927	549
48.977	553
49.027	561
49.077	564
49.127	565
49.178	567
49.228	564
49.279	562
49.329	557
49.379	549
49.430	543
49.480	535
49.530	526
49.580	517
49.630	509
49.680	502
49.731	496
49.781	493
49.831	490
49.881	489
49.931	491
49.981	494
50.032	500
50.082	506
50.133	514
50.183	523
50.233	532
50.284	542
50.334	549
50.384	559
50.434	563
50.484	569
50.534	572
50.585	570
50.635	572
50.685	568
50.735	561
50.785	556
50.836	547
50.886	537
50.936	527
50.986	517
51.037	506
51.087	498
51.138	492
51.188	486
51.238	488
51.288	482
51.338	483
51.388	489
51.439	494
51.489	502
51.539	511
51.589	522
51.639	530
51.690	544
51.740	554
51.790	561
51.840	571
51.890	576
51.941	578
51.992	580
52.042	571
52.092	574
52.142	566
52.192	555
