#Creator: pendulumdriveEventBuffer
#Creation time: Wed Apr 20 15:41:28 2016
#Time	Pos
#[s]	[au]
0.050	550
0.100	548
0.150	550
0.201	550
0.251	547
0.301	548
0.351	546
0.401	545
0.452	545
0.502	542
0.552	543
0.602	544
0.652	543
0.702	542
0.753	541
0.803	541
0.853	538
0.904	538
0.954	538
1.004	539
1.055	539
1.105	543
1.155	544
1.205	545
1.255	547
1.306	546
1.356	548
1.406	549
1.456	547
1.506	547
1.556	547
1.607	545
1.657	544
1.707	544
1.757	544
1.808	545
1.859	544
1.909	543
1.959	544
2.009	542
2.059	541
2.109	540
2.160	540
2.210	540
2.260	540
2.310	541
2.360	541
2.410	543
2.461	545
2.511	545
2.561	548
2.611	549
2.662	547
2.713	547
2.763	546
2.813	545
2.863	544
2.913	544
2.963	544
3.014	544
3.064	544
3.114	544
3.164	543
3.214	542
3.264	543
3.315	542
3.365	540
3.415	539
3.465	539
3.515	539
3.567	540
3.617	541
3.667	543
3.717	545
3.767	547
3.817	548
3.868	548
3.918	549
3.968	549
4.018	547
4.068	547
4.118	546
4.169	545
4.219	545
4.269	544
4.319	544
4.369	544
4.420	542
4.471	543
4.521	543
4.571	541
4.621	540
4.671	538
4.722	538
4.772	537
4.822	539
4.872	540
4.922	540
4.972	542
5.023	545
5.073	546
5.123	547
5.173	548
5.223	548
5.274	548
5.324	547
5.375	547
5.425	546
5.475	545
5.525	546
5.576	546
5.626	545
5.676	545
5.726	544
5.776	543
5.827	542
5.877	541
5.927	540
5.977	540
6.027	537
6.077	537
6.128	538
6.178	538
6.228	540
6.279	542
6.329	544
6.379	544
6.430	546
6.480	547
6.530	547
6.580	547
6.630	546
6.681	546
6.731	546
6.781	545
6.831	546
6.881	547
6.931	546
6.982	546
7.032	546
7.082	545
7.132	545
7.183	541
7.233	541
7.284	540
7.334	539
7.384	537
7.434	539
7.484	539
7.535	541
7.585	541
7.635	545
7.685	545
7.735	546
7.785	545
7.836	547
7.886	546
7.936	545
7.986	544
8.036	545
8.087	546
8.138	544
8.188	545
8.238	546
8.288	546
8.338	545
8.389	544
8.439	544
8.489	543
8.539	542
8.589	540
8.639	539
8.690	539
8.740	539
8.790	539
8.840	542
8.890	542
8.940	544
8.992	545
9.042	546
9.092	547
9.142	546
9.192	545
9.243	544
9.293	545
9.343	543
9.393	545
9.443	544
9.493	545
9.544	545
9.594	546
9.644	545
9.694	545
9.744	544
9.795	543
9.845	542
9.896	540
9.946	540
9.996	540
10.046	540
10.097	541
10.147	542
10.197	544
10.247	545
10.297	545
10.347	547
10.398	546
10.448	547
10.498	546
10.548	545
10.598	544
10.649	544
10.699	544
10.750	545
10.800	545
10.850	546
10.900	547
10.951	545
11.001	543
11.051	543
11.101	540
11.151	540
11.201	538
11.252	537
11.302	537
11.352	538
11.402	538
11.452	541
11.503	545
11.553	547
11.603	547
11.654	547
11.704	546
11.754	547
11.805	547
11.855	546
11.905	545
11.955	546
12.005	546
12.055	546
12.106	546
12.156	545
12.206	546
12.256	544
12.306	543
12.357	542
12.407	539
12.457	537
12.507	537
12.558	538
12.608	538
12.659	537
12.709	539
12.759	542
12.809	543
12.859	544
12.910	545
12.960	546
13.010	547
13.060	546
13.110	547
13.160	546
13.211	546
13.261	545
13.311	546
13.361	546
13.411	546
13.462	546
13.513	545
13.563	546
13.613	544
13.663	543
13.713	542
13.764	541
13.814	539
13.864	537
13.914	538
13.964	539
14.014	539
14.065	541
14.115	542
14.165	543
14.215	545
14.265	544
14.315	545
14.367	545
14.417	545
14.467	546
14.517	544
14.567	545
14.618	545
14.668	545
14.718	545
14.768	547
14.818	546
14.868	545
14.919	546
14.969	543
15.019	543
15.069	541
15.119	539
15.169	538
15.220	539
15.271	539
15.321	541
15.371	542
15.421	544
15.472	544
15.522	544
15.572	546
15.622	545
15.672	544
15.722	544
15.773	544
15.823	543
15.873	544
15.923	543
15.973	545
16.023	545
16.074	545
16.124	546
16.175	545
16.225	544
16.275	543
16.326	542
16.376	541
16.426	540
16.476	540
16.526	539
16.576	540
16.627	542
16.677	543
16.727	545
16.777	545
16.827	546
16.878	545
16.928	546
16.978	544
17.028	545
17.079	542
17.129	543
17.180	543
17.230	543
17.280	545
17.330	544
17.380	544
17.430	545
17.481	544
17.531	544
17.581	543
17.631	542
17.681	540
17.732	539
17.782	538
17.832	540
17.882	541
17.932	541
17.983	543
18.034	544
18.084	545
18.134	545
18.184	545
18.234	546
18.284	546
18.335	544
18.385	544
18.435	543
18.485	544
18.535	544
18.586	544
18.636	545
18.686	545
18.736	545
18.786	544
18.836	544
18.888	543
18.938	541
18.988	540
19.038	539
19.088	539
19.139	538
19.189	539
19.239	540
19.289	542
19.339	543
19.389	544
19.440	545
19.490	544
19.540	545
19.590	545
19.640	544
19.690	544
19.741	544
19.792	543
19.842	545
19.892	545
19.942	545
19.993	546
20.043	546
20.093	545
20.143	544
20.193	543
20.243	542
20.294	541
20.344	539
20.394	539
20.444	539
20.494	538
20.544	540
20.595	542
20.645	543
20.696	544
20.746	545
20.796	544
20.847	544
20.897	544
20.947	542
20.997	543
21.047	543
21.097	543
21.148	544
21.198	545
21.248	542
21.298	546
21.348	544
21.398	546
21.449	545
21.499	543
21.550	543
21.600	541
21.650	540
21.701	539
21.751	540
21.801	539
21.851	542
21.901	541
21.951	543
22.002	544
22.052	544
22.102	544
22.152	542
22.202	543
22.252	544
22.303	542
22.353	542
22.403	542
22.454	542
22.504	543
22.555	541
22.605	545
22.655	546
22.705	545
22.755	545
22.805	544
22.856	543
22.906	542
22.956	540
23.006	540
23.056	540
23.107	541
23.157	542
23.207	542
23.257	544
23.307	545
23.358	545
23.409	545
23.459	545
23.509	543
23.559	543
23.609	542
23.659	541
23.710	542
23.760	542
23.810	543
23.860	544
23.910	544
23.961	545
24.011	543
24.061	544
24.111	542
24.161	542
24.211	539
24.263	540
24.313	539
24.363	539
24.413	540
24.463	541
24.513	542
24.564	543
24.614	544
24.664	545
24.714	545
24.764	544
24.815	544
24.865	543
24.915	543
24.965	543
25.015	544
25.065	543
25.116	542
25.167	543
25.217	547
25.267	544
25.317	545
25.367	544
25.418	544
25.468	542
25.518	541
25.568	540
25.618	538
25.669	539
25.719	540
25.769	541
25.819	542
25.869	544
25.919	544
25.970	545
26.020	544
26.071	544
26.121	544
26.171	543
26.222	543
26.272	543
26.322	543
26.372	544
26.422	543
26.472	544
26.523	546
26.573	545
26.623	545
26.673	544
26.723	544
26.773	541
26.824	540
26.874	539
26.924	539
26.975	539
27.025	540
27.076	541
27.126	541
27.176	544
27.226	543
27.276	544
27.326	545
27.377	543
27.427	543
27.477	543
27.527	541
27.577	542
27.627	541
27.678	543
27.728	545
27.778	544
27.828	545
27.879	546
27.930	547
27.980	544
28.030	542
28.080	542
28.130	541
28.180	540
28.231	540
28.281	539
28.331	540
28.381	541
28.431	540
28.481	543
28.532	544
28.582	544
28.632	543
28.682	543
28.732	543
28.784	543
28.834	540
28.884	542
28.934	542
28.984	542
29.034	543
29.085	543
29.135	544
29.185	545
29.235	544
29.285	543
29.335	544
29.386	541
29.436	541
29.486	540
29.536	539
29.586	541
29.637	541
29.688	541
29.738	543
29.788	544
29.838	545
29.888	545
29.939	544
29.989	544
30.039	543
30.089	542
30.139	542
30.190	542
30.240	541
30.290	543
30.340	543
30.390	544
30.440	544
30.491	544
30.542	545
30.592	542
30.642	541
30.692	541
30.742	539
30.793	540
30.843	539
30.893	540
30.943	542
30.993	542
31.044	544
31.094	544
31.144	544
31.194	544
31.244	544
31.294	545
31.345	544
31.395	543
31.446	542
31.496	542
31.546	543
31.596	543
31.647	544
31.697	545
31.747	544
31.797	544
31.847	543
31.898	543
31.948	542
31.998	541
32.048	538
32.098	539
32.148	539
32.199	539
32.249	542
32.299	542
32.350	543
32.400	544
32.451	544
32.501	544
32.551	544
32.601	543
32.651	542
32.701	542
32.752	542
32.802	541
32.852	542
32.902	544
32.952	544
33.002	544
33.053	544
33.103	545
33.153	545
33.203	544
33.254	542
33.305	541
33.355	540
33.405	540
33.455	540
33.505	539
33.555	540
33.606	542
33.656	542
33.706	543
33.756	544
33.806	544
33.856	544
33.907	543
33.957	542
34.007	543
34.057	543
34.107	540
34.159	542
34.209	543
34.259	545
34.309	544
34.359	544
34.409	546
34.460	544
34.510	543
34.560	543
34.610	541
34.660	541
34.710	538
34.761	540
34.811	541
34.861	541
34.911	542
34.961	543
35.012	544
35.063	544
35.113	543
35.163	544
35.213	543
35.263	542
35.314	542
35.364	541
35.414	541
35.464	542
35.514	542
35.564	543
35.615	543
35.665	544
35.715	544
35.765	544
35.815	544
35.866	541
35.916	540
35.967	541
36.017	540
36.067	539
36.117	540
36.168	542
36.218	542
36.268	543
36.318	544
36.368	543
36.419	544
36.469	543
36.519	543
36.569	542
36.619	542
36.669	541
36.720	541
36.770	542
36.820	543
36.871	543
36.921	544
36.971	544
37.022	544
37.072	543
37.122	542
37.172	542
37.222	542
37.273	538
37.323	540
37.373	539
37.423	541
37.473	540
37.523	541
37.574	543
37.624	544
37.674	544
37.724	544
37.775	543
37.825	543
37.876	543
37.926	542
37.976	540
38.026	541
38.076	542
38.127	543
38.177	543
38.227	544
38.277	546
38.327	545
38.377	544
38.428	544
38.478	542
38.528	540
38.578	540
38.628	539
38.679	539
38.730	540
38.780	539
38.830	541
38.880	540
38.930	543
38.981	544
39.031	542
39.081	544
39.131	542
39.181	544
39.231	541
39.282	542
39.332	541
39.382	542
39.432	542
39.482	544
39.532	544
39.584	544
39.634	545
39.684	544
39.734	544
39.784	543
39.835	541
39.885	541
39.935	539
39.985	539
40.035	539
40.085	540
40.136	541
40.186	541
40.236	543
40.286	543
40.336	544
40.387	544
40.437	543
40.488	542
40.538	542
40.588	542
40.638	542
40.689	543
40.739	543
40.789	544
40.839	543
40.889	545
40.939	544
40.990	544
41.040	544
41.090	542
41.140	542
41.190	541
41.241	539
41.291	541
41.342	540
41.392	540
41.442	541
41.492	541
41.543	542
41.593	544
41.643	545
41.693	544
41.743	543
41.793	543
41.844	542
41.894	542
41.944	541
41.994	541
42.044	542
42.095	543
42.145	543
42.195	543
42.246	544
42.296	544
42.346	544
42.397	542
42.447	541
42.497	540
42.547	540
42.597	538
42.647	539
42.698	540
42.748	541
42.798	541
42.848	543
42.898	544
42.949	544
42.999	542
43.049	543
43.099	544
43.150	542
43.200	542
43.251	542
43.301	541
43.351	542
43.401	542
43.451	543
43.502	544
43.552	544
43.602	544
43.652	543
43.702	541
43.752	541
43.803	540
43.853	540
43.903	540
43.953	539
44.003	540
44.054	540
44.105	541
44.155	542
44.205	543
44.255	544
44.305	545
44.356	544
44.406	544
44.456	543
44.506	542
44.556	541
44.606	543
44.657	540
44.707	543
44.757	543
44.807	543
44.857	543
44.907	544
44.959	544
45.009	543
45.059	542
45.109	540
45.159	540
45.210	538
45.260	538
45.310	538
45.360	540
45.410	541
45.460	542
45.511	543
45.561	544
45.611	545
45.661	544
45.711	543
45.761	543
45.812	541
45.863	541
45.913	540
45.963	541
46.013	543
46.064	542
46.114	542
46.164	545
46.214	545
46.264	543
46.314	542
46.365	542
46.415	540
46.465	540
46.515	539
46.565	540
46.615	539
46.666	539
46.716	540
46.767	541
46.817	543
46.867	542
46.918	543
46.968	543
47.018	543
47.068	542
47.118	542
47.168	541
47.219	542
47.269	541
47.319	540
47.369	543
47.419	543
47.470	544
47.520	545
47.570	543
47.620	543
47.671	542
47.721	540
47.772	540
47.822	537
47.872	538
47.922	539
47.972	539
48.022	540
48.073	541
48.123	542
48.173	545
48.223	545
48.273	543
48.324	543
48.374	542
48.424	542
48.474	539
48.524	541
48.575	542
48.626	541
48.676	542
48.726	543
48.776	543
48.826	543
48.876	542
48.927	543
48.977	541
49.027	541
49.077	539
49.127	539
49.178	538
49.228	539
49.278	537
49.328	541
49.378	541
49.428	542
49.480	543
49.530	543
49.580	544
49.630	543
49.680	542
49.731	542
49.781	542
49.831	542
49.881	541
49.931	542
49.981	542
50.032	542
50.082	542
50.132	544
50.182	543
50.232	542
50.282	542
50.333	542
50.384	540
50.434	539
50.484	538
50.534	539
50.585	539
50.635	540
50.685	541
50.735	543
50.785	542
50.835	543
50.886	543
50.936	543
50.986	542
51.036	542
51.086	542
51.136	541
51.187	542
51.237	542
51.288	544
51.338	545
51.388	545
51.439	545
51.489	544
51.539	544
51.589	542
51.639	541
51.689	539
51.740	538
51.790	538
51.840	536
51.890	539
51.940	539
51.990	540
52.041	542
52.091	542
52.142	542
52.192	544
52.242	544
52.293	543
52.343	543
52.393	542
52.443	542
52.493	541
52.543	542
52.594	542
52.644	544
52.694	544
52.744	544
52.794	544
52.844	544
52.895	541
52.945	541
52.995	540
53.046	539
53.096	538
53.147	538
53.197	539
53.247	540
53.297	540
53.347	543
53.397	542
53.448	543
53.498	544
53.548	544
53.598	543
53.648	542
53.699	541
53.749	542
53.799	542
53.849	542
53.899	540
53.950	542
54.001	543
54.051	544
54.101	544
54.151	543
54.201	543
54.251	541
54.302	540
54.352	539
54.402	538
54.452	538
54.502	538
54.553	540
54.603	541
54.653	542
54.703	542
54.753	543
54.803	543
54.855	543
54.905	542
54.955	541
55.005	542
55.055	541
55.105	540
55.156	541
55.206	541
55.256	543
55.306	543
55.356	542
55.407	544
55.457	543
55.507	542
55.557	540
55.607	540
55.657	539
55.708	538
55.759	538
55.809	538
55.859	539
55.909	540
55.959	540
56.010	542
56.060	545
56.110	544
56.160	544
56.210	544
56.261	543
56.311	542
56.361	540
56.411	541
56.461	541
56.511	541
56.562	542
56.612	542
56.663	543
56.713	544
56.763	542
56.814	542
56.864	542
56.914	540
56.964	539
57.014	538
57.064	538
57.115	538
57.165	538
57.215	539
57.265	541
57.315	542
57.365	544
57.416	544
57.466	544
57.516	543
57.567	542
57.617	542
57.668	542
57.718	541
57.768	541
57.818	542
57.868	544
57.918	543
57.969	544
58.019	543
58.069	543
58.119	542
58.169	542
58.219	540
58.270	539
58.320	538
58.370	536
58.420	538
58.471	538
58.522	539
58.572	541
58.622	541
58.672	542
58.722	543
58.772	543
58.823	543
58.873	543
58.923	542
58.973	542
59.023	541
59.073	540
59.124	542
59.174	542
59.224	542
59.274	542
59.324	543
59.376	542
59.426	541
59.476	539
59.526	540
59.576	539
59.626	538
59.677	538
59.727	538
59.777	538
59.827	540
59.877	540
59.927	542
59.978	542
60.028	543
60.078	544
60.128	543
60.178	544
60.229	542
60.280	540
60.330	542
60.380	541
60.430	542
60.480	541
60.531	542
60.581	542
60.631	543
60.681	543
60.731	542
60.782	541
60.832	539
60.882	540
60.932	539
60.982	537
61.032	539
61.083	539
61.134	540
61.184	540
61.234	542
61.284	543
61.334	543
61.385	543
61.435	543
61.485	543
61.535	543
61.585	541
61.636	540
61.686	541
61.736	541
61.786	541
61.836	542
61.886	543
61.937	543
61.987	543
62.038	543
62.088	541
62.138	541
62.188	540
62.239	539
62.289	538
62.339	538
62.389	539
62.439	540
62.490	541
62.540	541
62.590	543
62.640	544
62.690	543
62.740	543
62.791	543
62.841	541
62.891	541
62.942	541
62.992	539
63.043	539
63.093	540
63.143	541
63.193	542
63.243	542
63.293	543
63.344	542
63.394	542
63.444	540
63.494	540
63.544	539
63.594	538
63.645	538
63.695	539
63.745	539
63.795	540
63.846	541
63.897	542
63.947	543
63.997	543
64.047	542
64.097	543
64.147	542
64.198	541
64.248	540
64.298	540
64.348	540
64.398	541
64.448	541
64.499	542
64.549	542
64.599	542
64.649	542
64.699	541
64.751	542
64.801	539
64.851	539
64.901	539
64.951	538
65.001	538
65.052	539
65.102	541
65.152	543
65.202	543
65.252	544
65.302	544
65.353	544
65.403	543
65.453	542
65.503	540
65.553	541
65.604	540
65.655	539
65.705	540
65.755	540
65.805	540
65.855	542
65.906	542
65.956	543
