#Creator: pendulumdriveEventBuffer
#Creation time: Wed Apr 20 15:41:28 2016
#Time	Pos
#[s]	[au]
0.050	509
0.101	508
0.152	508
0.202	507
0.252	508
0.302	509
0.352	512
0.403	515
0.453	518
0.503	520
0.553	522
0.603	524
0.653	524
0.704	525
0.754	525
0.804	526
0.854	524
0.904	525
0.955	522
1.006	522
1.056	522
1.106	520
1.156	519
1.206	518
1.257	516
1.307	514
1.357	513
1.407	510
1.457	509
1.507	509
1.558	509
1.608	510
1.658	512
1.708	513
1.758	516
1.809	519
1.859	522
1.910	525
1.960	526
2.010	527
2.060	527
2.111	526
2.161	524
2.211	524
2.261	523
2.311	520
2.361	519
2.412	519
2.462	517
2.512	517
2.562	515
2.612	515
2.663	514
2.713	513
2.763	511
2.814	511
2.864	511
2.914	510
2.965	511
3.015	514
3.065	516
3.115	518
3.165	521
3.216	523
3.266	526
3.316	527
3.366	528
3.416	528
3.466	527
3.517	525
3.567	523
3.617	520
3.667	519
3.718	517
3.768	515
3.819	515
3.869	514
3.919	513
3.969	513
4.019	513
4.070	512
4.120	512
4.170	512
4.220	511
4.270	512
4.320	513
4.371	515
4.421	515
4.471	518
4.521	520
4.571	523
4.622	526
4.673	528
4.723	527
4.773	529
4.823	528
4.873	525
4.924	524
4.974	522
5.024	518
5.074	516
5.124	514
5.174	513
5.225	511
5.275	512
5.325	512
5.375	511
5.425	513
5.475	511
5.527	513
5.577	514
5.627	514
5.677	515
5.727	517
5.778	518
5.828	520
5.878	521
5.928	523
5.978	525
6.028	527
6.079	528
6.129	528
6.179	527
6.229	526
6.279	523
6.329	521
6.380	519
6.431	516
6.481	513
6.531	513
6.581	511
6.632	511
6.682	512
6.732	512
6.782	513
6.832	514
6.882	515
6.933	515
6.983	516
7.033	516
7.083	517
7.133	518
7.184	519
7.234	520
7.284	522
7.335	523
7.385	524
7.435	525
7.486	526
7.536	525
7.586	525
7.636	522
7.686	522
7.736	518
7.787	515
7.837	513
7.887	512
7.937	511
7.987	510
8.038	511
8.088	512
8.138	514
8.188	515
8.239	516
8.289	518
8.340	519
8.390	520
8.440	519
8.490	520
8.540	520
8.590	521
8.641	522
8.691	522
8.741	523
8.791	523
8.841	523
8.892	523
8.942	523
8.992	521
9.042	519
9.092	516
9.143	515
9.194	513
9.244	511
9.294	510
9.344	511
9.394	511
9.445	513
9.495	514
9.545	515
9.595	518
9.645	519
9.695	521
9.746	522
9.796	522
9.846	522
9.896	522
9.946	521
9.996	522
10.048	522
10.098	521
10.148	522
10.198	521
10.248	521
10.299	520
10.349	519
10.399	519
10.449	516
10.499	514
10.549	512
10.600	511
10.650	510
10.700	509
10.750	511
10.800	512
10.850	516
10.901	516
10.952	519
11.002	520
11.052	523
11.102	524
11.153	525
11.203	525
11.253	523
11.303	523
11.353	522
11.403	521
11.454	520
11.504	520
11.554	519
11.604	520
11.654	519
11.704	518
11.755	517
11.805	516
11.856	515
11.906	513
11.956	512
12.007	511
12.057	511
12.107	512
12.157	512
12.207	515
12.257	517
12.308	519
12.358	521
12.408	523
12.458	525
12.508	525
12.558	526
12.609	525
12.659	524
12.710	523
12.760	521
12.810	520
12.861	518
12.911	517
12.961	517
13.011	518
13.061	517
13.111	516
13.162	516
13.212	515
13.262	514
13.312	513
13.362	511
13.413	512
13.463	513
13.513	514
13.563	515
13.614	517
13.664	518
13.715	520
13.765	523
13.815	525
13.865	525
13.915	526
13.965	524
14.016	524
14.066	522
14.116	519
14.166	518
14.216	517
14.267	516
14.317	516
14.367	515
14.417	516
14.467	516
14.518	516
14.569	516
14.619	516
14.669	515
14.719	514
14.769	516
14.819	516
14.870	514
14.920	516
14.970	517
15.020	519
15.070	520
15.121	522
15.171	523
15.221	524
15.271	525
15.321	523
15.371	522
15.423	521
15.473	519
15.523	518
15.573	516
15.623	515
15.673	514
15.724	514
15.774	515
15.824	515
15.874	516
15.924	516
15.975	516
16.025	517
16.075	516
16.125	517
16.175	516
16.225	517
16.276	517
16.327	518
16.377	519
16.427	520
16.477	521
16.528	523
16.578	524
16.628	524
16.678	523
16.728	523
16.778	521
16.829	520
16.879	517
16.929	515
16.979	514
17.029	513
17.079	513
17.130	513
17.180	515
17.231	514
17.281	515
17.331	517
17.382	519
17.432	517
17.482	519
17.532	518
17.582	519
17.632	519
17.683	519
17.733	519
17.783	520
17.833	521
17.883	522
17.933	522
17.984	523
18.034	522
18.084	523
18.135	520
18.185	519
18.236	517
18.286	515
18.336	513
18.386	512
18.436	512
18.486	512
18.537	511
18.587	514
18.637	515
18.687	517
18.737	518
18.787	520
18.838	520
18.888	520
18.938	521
18.988	521
19.039	520
19.090	521
19.140	520
19.190	520
19.240	521
19.290	520
19.340	521
19.391	521
19.441	521
19.491	520
19.541	519
19.591	518
19.641	515
19.692	514
19.742	513
19.792	512
19.842	511
19.892	513
19.944	514
19.994	515
20.044	517
20.094	518
20.144	520
20.194	520
20.245	522
20.295	522
20.345	521
20.395	521
20.445	521
20.496	519
20.546	519
20.596	519
20.646	519
20.696	520
20.746	519
20.797	520
20.848	520
20.898	519
20.948	518
20.998	516
21.048	515
21.099	514
21.149	513
21.199	513
21.249	513
21.299	515
21.350	515
21.400	516
21.450	518
21.500	520
21.550	521
21.600	523
21.651	524
21.701	523
21.752	521
21.802	520
21.852	520
21.902	519
21.953	517
22.003	517
22.053	517
22.103	517
22.153	517
22.204	518
22.254	518
22.304	518
22.354	517
22.404	516
22.454	516
22.505	515
22.555	515
22.606	515
22.656	515
22.706	515
22.757	516
22.807	519
22.857	520
22.907	522
22.957	523
23.007	523
23.058	523
23.108	523
23.158	521
23.208	520
23.258	519
23.308	517
23.359	517
23.409	515
23.459	515
23.510	517
23.560	517
23.611	517
23.661	517
23.711	516
23.761	518
23.811	518
23.861	516
23.912	516
23.962	515
24.012	516
24.062	516
24.112	517
24.162	518
24.213	520
24.263	522
24.313	523
24.363	523
24.414	523
24.465	523
24.515	522
24.565	521
24.615	520
24.665	517
24.715	517
24.766	515
24.816	514
24.866	515
24.916	515
24.966	516
25.016	516
25.067	517
25.117	517
25.167	516
25.217	517
25.267	518
25.319	516
25.369	517
25.419	516
25.469	517
25.519	519
25.569	519
25.620	521
25.670	522
25.720	522
25.770	523
25.820	522
25.870	522
25.921	520
25.971	520
26.021	517
26.071	516
26.121	515
26.172	515
26.223	513
26.273	514
26.323	515
26.373	516
26.423	517
26.474	518
26.524	518
26.574	519
26.624	518
26.674	518
26.725	518
26.775	518
26.825	517
26.875	517
26.925	518
26.975	519
27.026	520
27.076	521
27.127	522
27.177	521
27.227	521
27.277	521
27.328	519
27.378	519
27.428	516
27.478	515
27.528	514
27.579	513
27.629	514
27.679	516
27.729	516
27.779	517
27.829	518
27.880	519
27.930	520
27.980	520
28.031	520
28.081	519
28.131	519
28.182	519
28.232	518
28.282	518
28.332	518
28.382	519
28.433	519
28.483	519
28.533	521
28.583	521
28.633	520
28.683	519
28.734	518
28.784	517
28.834	515
28.884	514
28.935	514
28.985	514
29.036	514
29.086	515
29.136	517
29.186	518
29.236	519
29.287	519
29.337	521
29.387	521
29.437	520
29.487	520
29.537	519
29.588	519
29.638	518
29.688	518
29.738	518
29.788	518
29.840	519
29.890	519
29.940	520
29.990	520
30.040	519
30.090	519
30.141	517
30.191	516
30.241	515
30.291	515
30.341	514
30.391	514
30.442	515
30.492	516
30.542	517
30.592	519
30.642	520
30.693	521
30.744	521
30.794	521
30.844	521
30.894	521
30.944	519
30.995	518
31.045	517
31.095	517
31.145	517
31.195	517
31.245	518
31.296	518
31.346	519
31.396	519
31.446	519
31.496	518
31.547	518
31.597	516
31.648	516
31.698	515
31.748	515
31.798	515
31.849	515
31.899	517
31.949	518
31.999	520
32.049	521
32.099	521
32.150	523
32.200	523
32.250	521
32.300	520
32.350	519
32.401	517
32.451	517
32.502	517
32.552	517
32.602	517
32.652	517
32.703	518
32.753	518
32.803	519
32.853	517
32.903	518
32.953	517
33.004	516
33.054	516
33.104	515
33.154	515
33.204	516
33.255	517
33.305	517
33.355	519
33.406	521
33.456	521
33.506	522
33.557	521
33.607	521
33.657	522
33.707	520
33.757	519
33.808	519
33.858	516
33.908	516
33.958	516
34.008	517
34.058	517
34.109	518
34.159	518
34.209	519
34.259	519
34.310	518
34.360	518
34.411	518
34.461	516
34.511	516
34.561	515
34.611	516
34.662	517
34.712	519
34.762	519
34.812	520
34.862	521
34.912	521
34.963	521
35.013	521
35.063	519
35.113	519
35.163	517
35.214	516
35.265	515
35.315	515
35.365	516
35.415	516
35.465	517
35.516	517
35.566	518
35.616	519
35.666	518
35.716	519
35.766	518
35.817	518
35.867	518
35.917	517
35.967	517
36.017	517
36.067	519
36.119	518
36.169	519
36.219	521
36.269	521
36.319	522
36.370	520
36.420	520
36.470	519
36.520	516
36.570	516
36.620	515
36.671	515
36.721	514
36.771	514
36.821	515
36.871	517
36.921	517
36.972	518
37.023	520
37.073	520
37.123	520
37.173	520
37.224	518
37.274	518
37.324	518
37.374	517
37.424	517
37.474	517
37.525	518
37.575	518
37.625	519
37.675	520
37.725	520
37.776	520
37.826	520
37.876	518
37.927	517
37.977	516
38.027	515
38.078	515
38.128	514
38.178	515
38.228	515
38.278	517
38.328	519
38.379	519
38.429	520
38.479	521
38.529	519
38.579	520
38.630	520
38.680	518
38.730	518
38.780	517
38.831	517
38.881	517
38.932	517
38.982	518
39.032	518
39.082	519
39.132	520
39.182	520
39.233	519
39.283	518
39.333	518
39.383	516
39.433	516
39.484	516
39.534	515
39.584	514
39.634	515
39.684	516
39.735	518
39.786	520
39.836	520
39.886	520
39.936	520
39.986	520
40.037	520
40.087	519
40.137	518
40.187	517
40.237	516
40.287	516
40.338	517
40.388	518
40.438	518
40.488	520
40.538	519
