#Creator: pendulumdriveEventBuffer
#Creation time: Wed Apr 20 15:41:28 2016
#Time	Pos
#[s]	[au]
0.050	536
0.101	535
0.151	536
0.201	534
0.251	534
0.301	534
0.351	532
0.402	532
0.452	531
0.502	530
0.552	529
0.602	529
0.653	529
0.703	527
0.753	528
0.803	528
0.854	528
0.904	529
0.955	530
1.005	528
1.055	529
1.105	530
1.155	532
1.205	532
1.256	540
1.306	538
1.356	539
1.406	542
1.456	544
1.507	546
1.557	547
1.607	549
1.657	548
1.708	552
1.758	552
1.809	551
1.859	552
1.909	551
1.959	550
2.009	548
2.059	544
2.110	544
2.160	541
2.210	539
2.260	536
2.310	533
2.361	531
2.411	529
2.461	528
2.511	526
2.561	525
2.612	526
2.663	524
2.713	524
2.763	525
2.813	526
2.863	526
2.914	528
2.964	531
3.014	532
3.064	533
3.114	537
3.164	538
3.215	539
3.265	540
3.315	541
3.365	543
3.415	542
3.465	545
3.517	544
3.567	544
3.617	544
3.667	543
3.717	543
3.768	542
3.818	541
3.868	540
3.918	540
3.968	539
4.018	540
4.069	538
4.119	539
4.169	539
4.219	539
4.269	540
4.319	539
4.370	541
4.421	539
4.471	540
4.521	540
4.571	541
4.622	541
4.672	541
4.722	539
4.772	539
4.822	539
4.872	538
4.923	536
4.973	535
5.023	534
5.073	532
5.123	530
5.173	531
5.224	530
5.274	530
5.325	528
5.375	529
5.425	529
5.476	530
5.526	530
5.576	532
5.626	533
5.676	534
5.726	536
5.777	537
5.827	539
5.877	542
5.927	542
5.977	546
6.027	546
6.078	546
6.128	548
6.178	549
6.229	549
6.279	549
6.330	548
6.380	550
6.430	547
6.480	546
6.530	545
6.580	543
6.631	542
6.681	540
6.731	538
6.781	536
6.831	536
6.882	534
6.932	534
6.982	533
7.032	532
7.082	530
7.133	529
7.184	529
7.234	529
7.284	529
7.334	529
7.384	528
7.434	529
7.485	529
7.535	529
7.585	531
7.635	531
7.685	533
7.736	534
7.786	535
7.836	537
7.886	539
7.936	537
7.986	542
8.038	544
8.088	546
8.138	546
8.188	549
8.238	550
8.288	549
8.339	547
8.389	551
8.439	550
8.489	548
8.539	548
8.590	547
8.640	545
8.690	544
8.740	539
8.790	539
8.840	537
8.891	535
8.942	533
8.992	530
9.042	529
9.092	527
9.142	526
9.193	526
9.243	526
9.293	527
9.343	526
9.393	528
9.444	529
9.494	529
9.544	532
9.594	533
9.644	534
9.694	536
9.745	537
9.795	537
9.846	539
9.896	540
9.946	540
9.997	542
10.047	543
10.097	542
10.147	543
10.197	542
10.247	543
10.298	543
10.348	542
10.398	542
10.448	543
10.498	541
10.548	542
10.599	540
10.649	541
10.699	541
10.750	541
10.800	540
10.851	540
10.901	539
10.951	540
11.001	539
11.051	540
11.101	538
11.152	537
11.202	537
11.252	535
11.302	534
11.352	534
11.402	533
11.453	532
11.503	531
11.553	530
11.603	530
11.654	529
11.705	529
11.755	529
11.805	529
11.855	528
11.905	529
11.955	530
12.006	531
12.056	532
12.106	535
12.156	536
12.206	537
12.256	540
12.307	540
12.357	541
12.407	545
12.457	546
12.507	546
12.559	547
12.609	547
12.659	549
12.709	548
12.759	546
12.809	547
12.860	545
12.910	544
12.960	544
13.010	541
13.060	540
13.110	538
13.161	537
13.211	535
13.261	534
13.311	532
13.361	531
13.412	529
13.463	528
13.513	528
13.563	528
13.613	528
13.663	528
13.714	528
13.764	528
13.814	529
13.864	530
13.914	530
13.965	531
14.015	533
14.065	533
14.115	534
14.165	535
14.215	536
14.266	539
14.317	539
14.367	542
14.417	542
14.467	544
14.517	545
14.568	546
14.618	546
14.668	549
14.718	548
14.768	547
14.819	548
14.869	547
14.919	547
14.969	545
15.019	546
15.069	542
15.120	540
15.170	539
15.221	536
15.271	534
15.321	531
15.371	530
15.422	528
15.472	527
15.522	526
15.572	525
15.622	525
15.673	524
15.723	525
15.773	525
15.823	526
15.873	526
15.923	529
15.974	531
16.024	532
16.074	533
16.125	536
16.175	537
16.226	537
16.276	541
16.326	542
16.376	542
16.426	547
16.476	546
16.527	547
16.577	548
16.627	544
16.677	546
16.727	546
16.777	544
16.828	544
16.878	542
16.928	542
16.978	540
17.029	538
17.080	538
17.130	537
17.180	536
17.230	534
17.280	533
17.330	534
17.381	532
17.431	532
17.481	531
17.531	531
17.581	531
17.631	530
17.682	530
17.732	531
17.782	530
17.832	530
17.882	531
17.934	531
17.984	532
18.034	532
18.084	532
18.134	533
18.184	533
18.235	533
18.285	535
18.335	534
18.385	536
18.435	537
18.485	538
18.536	540
18.586	541
18.636	541
18.686	543
18.736	543
18.787	544
18.838	545
18.888	544
18.938	546
18.988	545
19.038	544
19.089	545
19.139	543
19.189	543
19.239	541
19.289	539
19.339	538
19.390	536
19.440	535
19.490	533
19.540	532
19.590	530
19.641	530
19.691	527
19.742	528
19.792	527
19.842	526
19.892	527
19.943	527
19.993	528
20.043	528
20.093	528
20.143	529
20.194	530
20.244	532
20.294	533
20.344	535
20.394	535
20.444	537
20.495	537
20.545	541
20.595	541
20.646	541
20.696	543
20.746	543
20.797	545
20.847	545
20.897	545
20.947	546
20.997	544
21.048	544
21.098	544
21.148	543
21.198	543
21.248	542
21.298	540
21.349	539
21.399	538
21.449	537
21.499	536
21.550	533
21.600	533
21.651	532
21.701	533
21.751	529
21.801	528
21.851	527
21.902	526
21.952	527
22.002	527
22.052	527
22.102	525
22.152	528
22.203	527
22.253	528
22.303	530
22.353	531
22.403	533
22.454	534
22.505	534
22.555	538
22.605	539
22.655	540
22.705	542
22.756	543
22.806	545
22.856	546
22.906	544
22.956	547
23.006	547
23.057	546
23.107	546
23.157	545
23.207	544
23.257	543
23.307	540
23.359	540
23.409	538
23.459	537
23.509	535
23.559	533
23.610	531
23.660	530
23.710	528
23.760	528
23.810	527
23.860	527
23.911	528
23.961	527
24.011	526
24.061	528
24.111	528
24.162	529
24.212	530
24.263	531
24.313	532
24.363	532
24.413	534
24.464	534
24.514	534
24.564	537
24.614	537
24.664	538
24.714	539
24.765	539
24.815	540
24.865	541
24.915	542
24.965	543
25.016	543
25.066	544
25.117	544
25.167	544
25.217	543
25.267	543
25.318	542
25.368	542
25.418	541
25.468	540
25.518	540
25.568	536
25.619	537
25.669	536
25.719	534
25.769	532
25.819	531
25.870	530
25.920	528
25.970	528
26.021	527
26.071	526
26.121	526
26.172	526
26.222	526
26.272	527
26.322	527
26.372	527
26.422	529
26.473	530
26.523	532
26.573	534
26.623	535
26.673	536
26.724	539
26.774	541
26.824	544
26.874	544
26.925	545
26.975	546
27.026	546
27.076	546
27.126	547
27.176	546
27.226	546
27.277	545
27.327	542
27.377	542
27.427	541
27.477	539
27.527	537
27.578	535
27.628	534
27.678	531
27.728	530
27.778	529
27.829	528
27.880	527
27.930	527
27.980	527
28.030	527
28.080	526
28.131	527
28.181	528
28.231	529
28.281	528
28.331	530
28.381	531
28.432	532
28.482	533
28.532	533
28.582	535
28.632	535
28.682	536
28.734	538
28.784	542
28.834	541
28.884	542
28.934	542
28.985	542
29.035	544
29.085	544
29.135	544
29.185	541
29.235	545
29.286	544
29.336	544
29.386	543
29.436	542
29.486	541
29.536	540
29.587	536
29.638	538
29.688	534
29.738	533
29.788	531
29.839	529
29.889	528
29.939	527
29.989	526
30.039	525
30.089	524
30.140	524
30.190	523
30.240	525
30.290	525
30.340	527
30.390	527
30.441	529
30.491	531
30.542	532
30.592	535
30.642	537
30.693	538
30.743	540
30.793	541
30.843	544
30.893	545
30.943	546
30.994	546
31.044	547
31.094	547
31.144	546
31.194	545
31.245	544
31.295	543
31.345	542
31.395	540
31.446	538
31.496	538
31.547	536
31.597	533
31.647	533
31.697	531
31.747	530
31.797	529
31.848	528
31.898	528
31.948	528
31.998	527
32.048	528
32.099	528
32.149	528
32.199	528
32.249	530
32.299	530
32.350	529
32.401	529
32.451	532
32.501	532
32.551	532
32.601	533
32.651	535
32.702	536
32.752	538
32.802	537
32.852	539
32.902	539
32.953	541
33.003	542
33.053	542
33.103	543
33.153	544
33.203	545
33.255	544
33.305	544
33.355	543
33.405	544
33.455	543
33.506	543
33.556	541
33.606	539
33.656	538
33.706	536
33.756	535
33.807	534
33.857	531
33.907	531
33.957	529
34.007	528
34.057	527
34.108	526
34.159	525
34.209	525
34.259	526
34.309	526
34.360	526
34.410	526
34.460	528
34.510	529
34.560	530
34.610	531
34.661	531
34.711	535
34.761	535
34.811	537
34.861	539
34.911	540
34.962	542
35.012	542
35.063	542
35.113	545
35.163	544
35.214	543
35.264	544
35.314	545
35.364	543
35.414	543
35.464	542
35.515	542
35.565	540
35.615	538
35.665	538
35.715	537
35.765	536
35.816	534
35.866	529
35.917	532
35.967	530
36.017	529
36.068	529
36.118	527
36.168	528
36.218	528
36.268	526
36.318	527
36.369	527
36.419	527
36.469	528
36.519	528
36.569	528
36.619	529
36.670	529
36.720	530
36.770	533
36.821	534
36.871	536
36.922	537
36.972	539
37.022	540
37.072	539
37.122	543
37.172	544
37.223	543
37.273	545
37.323	545
37.373	545
37.423	545
37.474	542
37.524	545
37.574	543
37.624	542
37.674	540
37.725	538
37.776	537
37.826	535
37.876	533
37.926	531
37.976	530
38.026	529
38.077	527
38.127	526
38.177	526
38.227	526
38.277	525
38.328	525
38.378	525
38.428	526
38.478	526
38.528	528
38.578	529
38.630	529
38.680	531
38.730	532
38.780	534
38.830	535
38.880	536
38.931	537
38.981	539
39.031	539
39.081	538
39.131	541
39.182	542
39.232	542
39.282	543
39.332	543
39.382	544
39.432	545
39.483	542
39.534	542
39.584	542
39.634	541
39.684	541
39.734	539
39.785	537
39.835	539
39.885	536
39.935	534
39.985	534
40.036	533
40.086	531
40.136	530
40.186	530
40.236	529
40.286	528
40.337	527
40.387	526
40.438	526
40.488	526
40.538	525
40.589	526
40.639	527
40.689	528
40.739	529
40.789	530
40.839	530
40.890	532
40.940	533
40.990	536
41.040	537
41.090	537
41.140	539
41.191	540
41.241	543
41.291	543
41.342	544
41.392	544
41.443	545
41.493	542
41.543	545
41.593	545
41.643	543
41.693	543
41.744	541
41.794	541
41.844	539
41.894	537
41.944	536
41.994	533
42.045	534
42.095	532
42.145	532
42.195	531
42.246	528
42.297	528
42.347	528
42.397	527
42.447	527
42.497	527
42.547	527
42.598	527
42.648	528
42.698	528
42.748	529
42.798	528
42.848	530
42.899	531
42.949	530
42.999	533
43.049	534
43.099	534
43.151	536
43.201	536
43.251	538
43.301	539
43.351	536
43.401	542
43.452	542
43.502	542
43.552	544
43.602	544
43.652	543
43.702	543
43.753	540
43.803	543
43.853	542
43.903	542
43.953	541
44.004	540
44.055	538
44.105	537
44.155	532
44.205	533
44.255	532
44.306	529
44.356	529
44.406	528
44.456	527
44.506	526
44.557	526
44.607	525
44.657	525
44.707	525
44.757	526
44.807	526
44.858	527
44.909	528
44.959	528
45.009	530
45.059	532
45.109	533
45.160	534
45.210	536
45.260	538
45.310	539
45.360	540
45.411	541
45.461	542
45.511	542
45.561	543
45.611	541
45.661	545
45.712	544
45.762	543
45.813	543
45.863	542
45.913	541
45.963	542
46.014	540
46.064	539
46.114	538
46.164	537
46.214	535
46.265	534
46.315	533
46.365	532
46.415	531
46.465	531
46.515	529
46.566	528
46.616	529
46.666	527
46.717	527
46.767	527
46.818	527
46.868	528
46.918	527
46.968	527
47.018	527
47.068	529
47.119	529
47.169	531
47.219	531
47.269	533
47.319	534
47.369	535
47.420	537
47.470	538
47.520	540
47.570	541
47.621	542
47.672	544
47.722	545
47.772	543
47.822	545
47.872	546
47.922	544
47.973	545
48.023	543
48.073	543
48.123	541
48.173	537
48.223	539
48.274	537
48.324	535
48.374	533
48.424	531
48.474	531
48.526	530
48.576	527
48.626	527
48.676	526
48.726	526
48.776	526
48.827	526
48.877	527
48.927	527
48.977	526
49.027	528
49.077	529
49.128	529
49.178	530
49.228	531
49.278	534
49.328	534
49.379	535
49.430	536
49.480	537
49.530	537
49.580	539
49.630	538
49.681	542
49.731	542
49.781	540
49.831	543
49.881	543
49.931	543
49.982	544
50.032	540
50.082	543
50.132	542
50.182	541
50.233	540
50.283	539
50.334	538
50.384	537
50.434	532
50.484	534
50.535	533
50.585	531
50.635	530
50.685	529
50.735	528
50.786	526
50.836	525
50.886	526
50.936	525
50.986	525
51.036	525
51.087	526
51.137	527
51.187	526
51.238	528
51.288	529
51.338	530
51.389	531
51.439	534
51.489	535
51.539	537
51.589	537
51.640	538
51.690	541
51.740	543
51.790	542
51.840	544
51.890	544
51.941	544
51.991	545
52.041	544
52.091	544
52.142	543
52.192	542
52.243	541
52.293	539
52.343	539
52.393	537
52.443	535
52.494	534
52.544	533
52.594	531
52.644	530
52.694	529
52.744	528
52.795	528
52.845	527
52.895	526
52.945	527
52.995	526
53.046	527
53.097	527
53.147	527
53.197	527
53.247	527
53.297	529
53.348	529
53.398	530
53.448	531
53.498	531
53.548	532
53.598	535
53.649	535
53.699	537
53.749	538
53.799	538
53.849	540
53.899	541
53.951	543
54.001	543
54.051	541
54.101	544
54.151	543
54.202	542
54.252	543
54.302	542
54.352	542
54.402	541
54.452	539
54.503	537
54.553	537
54.603	534
54.653	534
54.703	531
54.754	531
54.804	530
54.855	527
54.905	527
54.955	527
55.005	525
55.056	525
55.106	525
55.156	526
55.206	525
55.256	526
55.306	526
55.357	526
55.407	528
55.457	528
55.507	528
55.557	531
55.608	532
55.658	534
55.709	534
55.759	537
55.809	537
55.859	539
55.910	540
55.960	539
56.010	543
56.060	542
56.110	542
56.160	543
56.211	542
56.261	542
56.311	542
56.361	543
56.411	541
56.462	539
56.512	539
56.562	538
56.613	536
56.663	534
56.713	534
56.764	533
56.814	532
56.864	529
56.914	530
56.964	528
57.014	528
57.065	526
57.115	525
57.165	526
57.215	525
57.265	525
57.316	525
57.366	525
57.416	527
57.466	527
57.517	526
57.567	528
57.618	529
57.668	530
57.718	531
57.768	533
57.818	534
57.869	536
57.919	535
57.969	539
58.019	540
58.069	540
58.119	542
58.170	543
58.220	544
58.270	543
58.320	541
58.370	543
58.421	543
58.472	542
58.522	541
58.572	540
58.622	539
58.672	537
58.723	534
58.773	534
58.823	533
58.873	532
58.923	530
58.973	529
59.024	527
59.074	526
59.124	526
59.174	527
59.224	524
59.274	525
59.326	525
59.376	526
59.426	525
59.476	526
59.526	527
59.577	528
59.627	529
59.677	529
59.727	531
59.777	531
59.827	533
59.878	532
59.928	534
59.978	534
60.028	536
60.078	537
60.128	538
60.179	538
60.230	540
60.280	540
60.330	539
60.380	542
60.431	542
60.481	542
60.531	542
60.581	542
60.631	542
60.681	541
60.732	539
60.782	539
60.832	538
60.882	536
60.932	536
60.982	533
61.033	533
61.083	531
61.134	530
61.184	528
61.234	526
61.285	525
61.335	525
61.385	525
61.435	524
61.485	523
61.535	524
61.586	525
61.636	525
61.686	526
61.736	527
61.786	528
61.837	529
61.887	530
61.937	531
61.987	533
62.038	535
62.088	535
62.139	537
62.189	538
62.239	538
62.289	541
62.339	540
62.389	542
62.440	541
62.490	542
62.540	542
62.590	541
62.640	542
62.691	541
62.741	539
62.791	540
62.841	538
62.891	537
62.942	536
62.993	534
63.043	534
63.093	533
63.143	531
63.193	530
63.243	528
63.294	528
63.344	528
63.394	531
63.444	526
63.494	526
63.545	525
63.595	526
63.645	525
63.695	524
63.745	526
63.795	524
63.847	528
63.897	527
63.947	528
63.997	529
64.047	530
64.098	531
64.148	533
64.198	532
64.248	535
64.298	537
64.348	537
64.399	539
64.449	540
64.499	541
64.549	543
