#Creator: pendulumdriveEventBuffer
#Creation time: Wed Apr 20 15:41:28 2016
#Time	Pos
#[s]	[au]
0.050	521
0.100	525
0.150	527
0.201	532
0.251	535
0.301	540
0.351	541
0.401	542
0.452	545
0.502	544
0.553	543
0.603	541
0.653	537
0.703	533
0.754	527
0.804	521
0.854	516
0.904	511
0.954	507
1.005	502
1.055	501
1.105	499
1.155	499
1.205	503
1.255	505
1.306	511
1.356	517
1.406	524
1.457	530
1.507	539
1.557	544
1.608	550
1.658	556
1.708	557
1.758	558
1.808	558
1.859	553
1.909	549
1.959	542
2.009	534
2.059	525
2.109	517
2.160	508
2.210	500
2.260	494
2.310	488
2.361	485
2.411	486
2.462	486
2.512	492
2.562	498
2.612	507
2.662	516
2.713	528
2.763	538
2.813	547
2.863	557
2.913	559
2.963	570
3.014	573
3.064	569
3.114	569
3.164	562
3.214	553
3.266	545
3.316	531
3.366	520
3.416	507
3.466	498
3.516	487
3.567	479
3.617	475
3.667	471
3.717	477
3.767	477
3.817	485
3.868	496
3.918	507
3.968	520
4.018	534
4.068	548
4.118	556
4.170	570
4.220	578
4.270	581
4.320	585
4.370	582
4.421	574
4.471	568
4.521	556
4.571	543
4.621	528
4.671	513
4.722	497
4.772	484
4.822	476
4.872	466
4.922	464
4.973	461
5.023	465
5.074	474
5.124	482
5.174	495
5.224	510
5.275	526
5.325	542
5.375	558
5.425	571
5.475	577
5.525	589
5.576	591
5.626	590
5.676	588
5.726	576
5.776	569
5.827	554
5.877	537
5.927	521
5.978	504
6.028	489
6.078	475
6.129	467
6.179	456
6.229	455
6.279	460
6.329	462
6.379	472
6.430	485
6.480	500
6.530	516
6.580	534
6.630	551
6.681	564
6.731	579
6.781	589
6.831	593
6.882	597
6.932	591
6.983	589
7.033	577
7.083	561
7.133	547
7.183	529
7.234	512
7.284	494
7.334	481
7.384	467
7.434	459
7.484	455
7.535	453
7.585	459
7.635	466
7.685	476
7.735	493
7.786	509
7.837	525
7.887	542
7.937	561
7.987	572
8.037	584
8.088	593
8.138	593
8.188	595
8.238	590
8.288	579
8.338	569
8.389	553
8.439	537
8.489	520
8.539	503
8.589	487
8.639	475
8.691	466
8.741	458
8.791	458
8.841	458
8.891	464
8.942	476
8.992	486
9.042	502
9.092	518
9.142	536
9.192	552
9.243	565
9.293	577
9.343	582
9.393	590
9.443	591
9.493	586
9.544	581
9.595	563
9.645	558
9.695	543
9.745	528
9.796	513
9.846	499
9.896	487
9.946	476
9.996	473
10.046	465
10.097	465
10.147	470
10.197	475
10.247	485
10.297	498
10.347	511
10.398	524
10.448	539
10.499	552
10.549	560
10.599	571
10.650	576
10.700	576
10.750	577
10.800	568
10.850	567
10.900	559
10.951	547
11.001	537
11.051	524
11.101	513
11.151	502
11.202	495
11.252	486
11.302	482
11.352	481
11.403	480
11.453	484
11.504	489
11.554	496
11.604	506
11.654	514
11.704	525
11.754	533
11.805	543
11.855	550
11.905	554
11.955	560
12.005	560
12.056	562
12.106	560
12.156	554
12.206	551
12.257	544
12.307	537
12.358	530
12.408	523
12.458	516
12.508	509
12.558	504
12.608	500
12.659	498
12.709	497
12.759	496
12.809	498
12.859	500
12.910	504
12.960	509
13.010	515
13.060	520
13.110	526
13.161	532
13.212	535
13.262	542
13.312	544
13.362	546
13.412	550
13.462	550
13.513	549
13.563	549
13.613	545
13.663	542
13.713	539
13.764	533
13.814	529
13.864	523
13.914	517
13.964	512
14.014	507
14.066	503
14.116	500
14.166	499
14.216	498
14.266	498
14.317	500
14.367	504
14.417	508
14.467	513
14.517	520
14.567	526
14.618	534
14.668	540
14.718	546
14.768	552
14.818	554
14.868	559
14.919	559
14.970	557
15.020	556
15.070	549
15.120	545
15.171	538
15.221	529
15.271	521
15.321	512
15.371	504
15.421	496
15.472	491
15.522	486
15.572	483
15.622	485
15.672	486
15.722	491
15.773	498
15.823	506
15.874	516
15.924	527
15.974	538
16.025	547
16.075	558
16.125	564
16.175	569
16.225	574
16.275	573
16.326	571
16.376	567
16.426	557
16.476	549
16.526	538
16.576	525
16.627	512
16.677	501
16.727	488
16.778	479
16.828	474
16.879	468
16.929	468
16.979	471
17.029	476
17.079	489
17.129	497
17.180	510
17.230	525
17.280	540
17.330	554
17.380	566
17.430	578
17.481	578
17.531	589
17.581	590
17.631	584
17.682	580
17.733	569
17.783	556
17.833	541
17.883	524
17.933	508
17.983	493
18.034	480
18.084	467
18.134	459
18.184	457
18.234	453
18.285	461
18.335	465
18.385	477
18.435	493
18.485	508
18.535	526
18.587	543
18.637	562
18.687	573
18.737	590
18.787	597
18.837	599
18.888	602
18.938	596
18.988	587
19.038	576
19.088	558
19.139	542
19.189	522
19.239	503
19.289	484
19.339	469
19.389	457
19.440	446
19.491	445
19.541	441
19.591	448
19.641	461
19.691	472
19.742	490
19.792	510
19.842	530
19.892	549
19.942	571
19.993	586
20.043	595
20.093	608
20.143	610
20.193	609
20.243	605
20.294	590
20.344	580
20.395	560
20.445	539
20.495	518
20.546	496
20.596	477
20.646	459
20.696	448
20.746	434
20.796	433
20.847	439
20.897	443
20.947	456
20.997	472
21.047	491
21.097	513
21.148	536
21.198	558
21.248	575
21.299	595
21.349	606
21.400	615
21.450	619
21.500	612
21.550	610
21.600	596
21.650	576
21.701	557
21.751	535
21.801	512
21.851	489
21.901	470
21.951	450
22.002	438
22.052	433
22.102	428
22.152	435
22.203	441
22.254	455
22.304	475
22.354	495
22.404	518
22.454	540
22.504	564
22.555	583
22.605	600
22.655	614
22.705	616
22.755	622
22.805	617
22.856	605
22.906	594
22.956	569
23.006	553
23.056	530
23.108	506
23.158	483
23.208	463
23.258	448
23.308	435
23.358	438
23.409	428
23.459	433
23.509	447
23.559	459
23.609	479
23.659	501
23.710	525
23.760	544
23.810	569
23.860	587
23.910	600
23.961	614
24.012	619
24.062	615
24.112	613
24.162	593
24.212	588
24.263	569
24.313	547
24.363	526
24.413	503
24.463	481
24.514	463
24.564	454
24.614	437
24.664	433
24.714	438
24.764	439
24.815	452
24.866	468
24.916	486
24.966	507
25.016	527
25.066	549
25.117	566
25.167	585
25.217	597
25.267	603
25.317	609
25.368	604
25.418	603
25.468	593
25.518	576
25.568	562
25.618	541
25.669	522
25.719	502
25.770	487
25.820	470
25.870	459
25.920	454
25.971	448
26.021	449
26.071	456
26.121	464
26.171	478
26.222	492
26.272	508
26.322	525
26.372	543
26.422	557
26.472	571
26.523	582
26.573	585
26.623	595
26.674	593
26.724	585
26.774	581
26.825	570
26.875	557
26.925	543
26.975	528
27.025	513
27.076	499
27.126	489
27.176	478
27.226	471
27.276	467
27.326	466
27.377	469
27.427	472
27.477	482
27.527	492
27.578	503
27.629	516
27.679	529
27.729	541
27.779	551
27.829	562
27.879	569
27.930	573
27.980	577
28.030	576
28.080	574
28.130	570
28.180	560
28.231	554
28.281	544
28.331	532
28.381	521
28.431	509
28.483	499
28.533	489
28.583	483
28.633	476
28.683	475
28.733	476
28.784	477
28.834	483
28.884	489
28.934	498
28.984	509
29.034	520
29.085	531
29.135	541
29.185	553
29.235	560
29.285	569
29.336	575
29.387	575
29.437	578
29.487	575
29.537	568
29.587	562
29.638	550
29.688	540
29.738	528
29.788	516
29.838	503
29.888	492
29.939	483
29.989	475
30.039	475
30.089	467
30.139	468
30.190	474
30.240	478
30.291	488
30.341	500
30.391	513
30.441	525
30.492	541
30.542	554
30.592	565
30.642	577
30.692	583
30.742	585
30.793	589
30.843	580
30.893	581
30.943	572
30.993	559
31.044	547
31.094	531
31.144	516
31.195	499
31.245	488
31.295	471
31.346	461
31.396	459
31.446	452
31.496	453
31.546	460
31.597	467
31.647	483
31.697	494
31.747	511
31.797	529
31.847	548
31.898	564
31.948	577
31.998	591
32.048	596
32.099	605
32.149	605
32.200	597
32.250	593
32.300	580
32.350	563
32.400	546
32.451	526
32.501	507
32.551	488
32.601	471
32.651	455
32.701	446
32.752	440
32.802	436
32.852	444
32.902	446
32.953	461
33.003	479
33.054	496
33.104	518
33.154	539
33.204	561
33.254	578
33.305	598
33.355	609
33.405	613
33.455	620
33.505	617
33.555	608
33.606	598
33.656	577
33.706	561
33.756	537
33.806	515
33.858	491
33.908	469
33.958	452
34.008	436
34.058	429
34.108	420
34.159	422
34.209	434
34.259	442
34.309	462
34.359	483
34.409	506
34.460	531
34.510	557
34.560	580
34.610	598
34.660	618
34.710	628
34.762	633
34.812	634
34.862	622
34.912	615
34.962	598
35.013	573
35.063	550
35.113	523
35.163	496
35.213	469
35.263	449
35.314	425
35.364	414
35.414	412
35.464	407
35.514	415
35.565	428
35.615	445
35.666	470
35.716	495
35.766	523
35.816	551
35.867	580
35.917	603
35.967	623
36.017	640
36.067	641
36.117	650
36.168	644
36.218	626
36.268	613
36.318	588
36.368	562
36.419	533
36.469	502
36.519	472
36.570	445
36.620	425
36.670	404
36.721	398
36.771	393
36.821	397
36.871	413
36.921	426
36.971	452
37.022	482
37.072	512
37.122	544
37.172	575
37.222	605
37.273	624
37.323	648
37.373	660
37.423	658
37.474	660
37.524	637
37.575	629
37.625	607
37.675	575
37.725	545
37.775	512
37.826	478
37.876	446
37.926	429
37.976	397
38.026	382
38.076	383
38.127	379
38.177	390
38.227	411
38.277	432
38.327	469
38.378	497
38.429	533
38.479	567
38.529	602
38.579	630
38.629	649
38.680	670
38.730	664
38.780	677
38.830	667
38.880	646
38.930	627
38.981	596
39.031	560
39.081	525
39.131	489
39.181	451
39.231	420
39.283	399
39.333	373
39.383	364
39.433	366
39.483	370
39.534	392
39.584	409
39.634	441
39.684	479
39.734	516
39.784	554
39.835	591
39.885	627
39.935	650
39.985	679
40.035	689
40.085	684
40.136	687
40.187	670
40.237	645
40.287	619
40.337	580
40.388	544
40.438	503
40.488	464
40.538	425
40.588	395
40.638	372
40.689	352
40.739	355
40.789	347
40.839	365
40.889	392
40.939	418
40.990	456
41.040	496
41.091	538
41.141	577
41.191	621
41.242	652
41.292	671
41.342	698
41.392	702
41.442	699
41.492	692
41.543	665
41.593	646
41.643	606
41.693	563
41.743	522
41.794	478
41.844	437
41.894	399
41.944	375
41.995	342
42.045	334
42.096	342
42.146	343
42.196	367
42.246	394
42.296	430
42.346	474
42.397	517
42.447	562
42.497	603
42.547	645
42.597	672
42.648	697
42.698	717
42.748	711
42.798	715
42.849	693
42.899	662
42.950	632
43.000	589
43.050	545
43.100	498
43.150	454
43.200	408
43.251	372
43.301	350
43.351	326
43.401	325
43.451	328
43.502	340
43.552	374
43.602	401
43.652	444
43.702	492
43.753	540
43.804	585
43.854	630
43.904	670
43.954	693
44.004	723
44.054	731
44.105	721
44.155	716
44.205	686
44.255	659
44.305	620
44.356	570
44.406	524
44.456	474
44.506	429
44.556	383
44.606	366
44.658	324
44.708	308
44.758	317
44.808	317
44.858	340
44.909	376
44.959	413
45.009	466
45.059	511
45.109	563
45.159	607
45.210	656
45.260	692
45.310	715
45.360	739
45.410	720
45.460	735
45.511	718
45.562	680
45.612	651
45.662	604
45.712	553
45.763	502
45.813	455
45.863	401
45.913	360
45.963	334
46.013	305
46.064	297
46.114	305
46.164	315
46.214	351
46.264	378
46.314	426
46.365	479
46.415	531
46.466	584
46.516	630
46.566	678
46.617	704
46.667	739
46.717	752
46.767	742
46.817	741
46.867	714
46.918	679
46.968	640
47.018	587
47.068	536
47.118	481
47.168	431
47.219	380
47.269	341
47.319	316
47.370	291
47.420	296
47.471	289
47.521	315
47.571	355
47.621	390
47.671	442
47.721	495
47.772	550
47.822	601
47.872	657
47.922	696
47.972	721
48.022	752
48.073	758
48.123	751
48.173	741
48.223	703
48.274	678
48.325	626
48.375	571
48.425	518
48.475	462
48.525	410
48.575	360
48.626	330
48.676	290
48.726	280
48.776	288
48.826	292
48.877	323
48.927	358
48.977	402
49.027	458
49.077	512
49.127	569
49.179	620
49.229	672
49.279	708
49.329	738
49.379	762
49.429	756
49.480	763
49.530	738
49.580	697
49.630	664
49.680	609
49.731	556
49.781	499
49.831	447
49.881	388
49.931	345
49.981	316
50.032	284
50.083	279
50.133	281
50.183	294
50.233	334
50.283	365
50.334	416
50.384	473
50.434	529
50.484	585
50.534	639
50.585	688
50.635	717
50.685	754
50.735	768
50.785	760
50.835	758
50.886	710
50.936	695
50.987	652
51.037	593
51.087	539
51.138	480
51.188	427
51.238	372
51.288	347
51.338	297
51.388	275
51.439	280
51.489	276
51.539	300
51.589	340
51.639	378
51.689	441
51.740	489
51.790	549
51.840	602
51.891	659
51.941	703
51.992	732
52.042	764
52.092	752
52.142	771
52.192	754
52.242	714
52.293	685
52.343	634
52.393	578
52.443	521
52.493	467
52.543	404
52.594	356
52.644	323
52.694	284
52.744	270
52.795	273
52.846	278
52.896	315
52.946	342
52.996	393
53.046	452
53.096	507
53.147	567
53.197	621
53.247	676
53.297	708
53.347	751
53.397	770
53.448	767
53.498	770
53.548	746
53.598	710
53.648	673
53.700	613
53.750	563
53.800	502
53.850	445
53.900	387
53.950	342
54.001	308
54.051	277
54.101	272
54.151	262
54.201	284
54.251	322
54.302	356
54.352	410
54.402	467
54.452	527
54.502	583
54.553	645
54.604	692
54.654	723
54.704	762
54.754	774
54.804	771
54.855	768
54.905	733
54.955	709
55.005	659
55.055	601
55.106	544
55.156	484
55.206	426
55.256	370
55.306	333
55.356	284
55.407	268
55.458	270
55.508	267
55.558	293
55.608	329
55.658	369
55.709	430
55.759	482
55.809	545
55.859	601
55.909	660
55.960	704
56.010	739
56.060	769
56.110	770
56.160	783
56.210	763
56.261	723
56.311	694
56.362	640
56.412	585
56.462	526
56.512	467
56.563	405
56.613	355
56.663	319
56.713	280
56.763	269
56.814	262
56.864	271
56.914	307
56.964	334
57.014	384
57.064	444
57.115	501
57.165	562
57.215	621
57.266	676
57.316	712
57.366	755
57.417	776
57.467	773
57.517	777
57.567	748
57.617	723
57.668	681
57.718	623
57.768	570
57.818	508
57.868	448
57.918	389
57.969	363
58.019	300
58.069	273
58.119	268
58.170	259
58.221	276
58.271	314
58.321	348
58.371	414
58.421	459
58.471	521
58.522	580
58.572	641
58.622	691
58.672	725
58.722	762
58.772	768
58.823	786
58.873	774
58.923	738
58.973	713
59.023	665
59.075	607
59.125	550
59.175	491
59.225	428
59.275	372
59.325	333
59.376	288
59.426	266
59.476	263
59.526	262
59.576	295
59.626	316
59.677	363
59.727	422
59.777	477
59.827	540
59.877	599
59.928	658
59.979	696
60.029	747
60.079	772
60.129	775
60.179	785
60.230	768
60.280	734
60.330	702
60.380	643
60.430	595
60.480	533
60.531	470
60.581	408
60.631	356
60.681	314
60.731	278
60.782	270
60.832	250
60.883	264
60.933	300
60.983	328
61.033	379
61.084	438
61.134	497
61.184	559
61.234	622
61.284	675
61.334	713
61.385	757
61.435	776
61.485	785
61.535	784
61.585	753
61.636	735
61.686	687
61.736	630
61.787	575
61.837	512
61.887	451
61.938	390
61.988	347
62.038	293
62.088	269
62.138	260
62.189	253
