#Creator: pendulumdriveEventBuffer
#Creation time: Wed Apr 20 15:41:28 2016
#Time	Pos
#[s]	[au]
0.050	524
0.100	527
0.151	529
0.201	532
0.251	533
0.301	538
0.351	539
0.401	540
0.452	543
0.502	543
0.552	541
0.602	540
0.652	535
0.703	535
0.753	530
0.803	525
0.854	521
0.904	516
0.954	512
1.005	508
1.055	507
1.105	504
1.155	505
1.205	505
1.255	508
1.306	511
1.356	516
1.406	522
1.456	527
1.506	534
1.557	541
1.607	546
1.657	552
1.707	555
1.758	556
1.808	558
1.859	552
1.909	554
1.959	549
2.009	541
2.059	535
2.109	526
2.160	518
2.210	510
2.260	503
2.310	496
2.360	492
2.411	489
2.461	487
2.511	489
2.561	494
2.611	499
2.662	508
2.713	516
2.763	526
2.813	535
2.863	546
2.913	556
2.963	563
3.014	570
3.064	571
3.114	575
3.164	573
3.214	567
3.265	562
3.315	552
3.365	541
3.415	530
3.465	518
3.515	504
3.567	494
3.617	485
3.667	476
3.717	472
3.767	470
3.818	471
3.868	478
3.918	482
3.968	494
4.018	507
4.068	520
4.119	535
4.169	549
4.219	563
4.269	572
4.319	585
4.369	590
4.420	589
4.471	591
4.521	585
4.571	577
4.621	568
4.672	552
4.722	538
4.772	521
4.822	505
4.872	489
4.922	476
4.973	464
5.023	456
5.073	455
5.123	452
5.173	457
5.223	467
5.274	478
5.324	493
5.375	510
5.425	529
5.475	546
5.526	566
5.576	582
5.626	591
5.676	603
5.726	606
5.776	607
5.827	605
5.877	592
5.927	584
5.977	567
6.027	548
6.077	529
6.128	509
6.178	489
6.229	470
6.279	458
6.329	443
6.380	438
6.430	438
6.480	439
6.530	450
6.580	462
6.630	478
6.681	499
6.731	520
6.781	542
6.831	563
6.881	584
6.931	596
6.982	613
7.032	622
7.082	619
7.133	622
7.183	612
7.234	596
7.284	583
7.334	560
7.384	539
7.434	515
7.484	492
7.535	469
7.585	449
7.635	437
7.685	425
7.735	431
7.786	423
7.836	431
7.886	448
7.936	463
7.986	486
8.037	509
8.088	536
8.138	555
8.188	585
8.238	605
8.288	617
8.338	633
8.389	636
8.439	632
8.489	629
8.539	604
8.589	598
8.640	575
8.690	548
8.740	522
8.790	494
8.840	469
8.890	446
8.942	435
8.992	413
9.042	407
9.092	412
9.142	413
9.192	427
9.243	448
9.293	470
9.343	499
9.393	526
9.443	555
9.494	581
9.544	608
9.594	626
9.644	639
9.694	652
9.744	643
9.795	649
9.846	635
9.896	612
9.946	592
9.996	564
10.047	533
10.097	503
10.147	474
10.197	443
10.247	421
10.297	408
10.348	393
10.398	392
10.448	398
10.498	406
10.548	430
10.598	448
10.649	480
10.699	512
10.750	544
10.800	575
10.850	603
10.901	631
10.951	644
11.001	666
11.051	668
11.101	658
11.151	656
11.202	636
11.252	612
11.302	585
11.352	552
11.402	519
11.452	484
11.503	453
11.553	423
11.603	402
11.654	385
11.704	375
11.755	383
11.805	384
11.855	402
11.905	428
11.955	454
12.005	489
12.056	524
12.106	561
12.156	591
12.206	626
12.256	650
12.306	663
12.357	680
12.407	677
12.457	673
12.507	662
12.558	633
12.609	612
12.659	578
12.709	541
12.759	504
12.809	466
12.859	433
12.910	404
12.960	386
13.010	365
13.060	359
13.110	370
13.160	376
13.211	402
13.261	426
13.311	459
13.361	497
13.411	536
13.463	574
13.513	607
13.563	642
13.613	661
13.663	685
13.713	694
13.764	684
13.814	683
13.864	666
13.914	636
13.964	609
14.015	570
14.065	533
14.115	493
14.165	456
14.215	418
14.265	389
14.316	371
14.367	352
14.417	364
14.467	356
14.517	371
14.567	400
14.618	427
14.668	464
14.718	504
14.768	546
14.818	578
14.869	623
14.919	654
14.969	671
15.019	696
15.069	702
15.119	693
15.170	688
15.220	652
15.271	639
15.321	605
15.371	564
15.421	524
15.472	482
15.522	444
15.572	407
15.622	391
15.672	355
15.723	343
15.773	351
15.823	352
15.873	370
15.923	400
15.973	430
16.024	475
16.074	511
16.125	555
16.175	592
16.225	633
16.275	664
16.326	684
16.376	704
16.426	696
16.476	707
16.526	690
16.577	661
16.627	637
16.677	599
16.727	557
16.777	516
16.827	474
16.878	430
16.928	397
16.978	372
17.029	346
17.079	337
17.130	342
17.180	349
17.230	376
17.280	396
17.330	434
17.380	477
17.431	519
17.481	563
17.531	604
17.581	641
17.631	667
17.681	701
17.732	711
17.782	706
17.832	707
17.882	688
17.933	663
17.984	633
18.034	590
18.084	552
18.134	508
18.184	465
18.234	422
18.285	389
18.335	362
18.385	340
18.435	339
18.485	330
18.535	347
18.586	375
18.636	401
18.686	441
18.736	482
18.786	527
18.838	569
18.888	615
18.938	650
18.988	673
19.038	703
19.088	711
19.139	714
19.189	708
19.239	681
19.289	666
19.339	629
19.389	586
19.440	545
19.490	500
19.540	456
19.590	415
19.640	386
19.691	352
19.742	335
19.792	335
19.842	332
19.892	353
19.942	373
19.993	405
20.043	448
20.093	489
20.143	535
20.193	576
20.243	621
20.294	652
20.344	685
20.394	708
20.444	710
20.494	719
20.545	707
20.595	682
20.646	661
20.696	620
20.746	582
20.796	537
20.847	493
20.897	446
20.947	408
20.997	376
21.047	347
21.098	341
21.148	326
21.198	333
21.248	357
21.298	375
21.348	410
21.399	453
21.449	496
21.499	538
21.550	587
21.600	628
21.650	658
21.701	693
21.751	711
21.801	715
21.851	720
21.901	688
21.952	687
22.002	657
22.052	614
22.102	576
22.152	530
22.202	485
22.253	439
22.303	411
22.353	364
22.403	342
22.454	333
22.504	324
22.555	333
22.605	354
22.655	378
22.705	425
22.755	456
22.806	502
22.856	548
22.906	595
22.956	635
23.006	666
23.056	698
23.107	706
23.157	727
23.207	720
23.257	699
23.307	684
23.359	650
23.409	609
23.459	569
23.509	522
23.559	475
23.609	432
23.660	398
23.710	360
23.760	339
23.810	329
23.860	323
23.910	342
23.961	349
24.011	382
24.061	425
24.111	463
24.161	511
24.211	557
24.263	603
24.313	636
24.363	681
24.413	704
24.463	712
24.514	726
24.564	718
24.614	700
24.664	680
24.714	640
24.764	607
24.815	561
24.865	515
24.915	467
24.965	425
25.015	388
25.066	354
25.116	340
25.167	313
25.217	322
25.267	341
25.317	356
25.368	389
25.418	429
25.468	471
25.518	518
25.568	567
25.618	610
25.669	645
25.719	684
25.769	705
25.819	721
25.869	728
25.920	711
25.970	707
26.021	676
26.071	636
26.121	600
26.171	554
26.222	506
26.272	458
26.322	420
26.372	376
26.422	347
26.472	334
26.523	317
26.573	325
26.623	338
26.673	358
26.723	398
26.774	433
26.824	480
26.874	526
26.925	575
26.975	617
27.025	657
27.076	691
27.126	704
27.176	729
27.226	729
27.276	712
27.327	701
27.377	668
27.427	635
27.477	592
27.527	544
27.577	497
27.628	450
27.678	411
27.728	368
27.778	347
27.829	323
27.879	315
27.930	329
27.980	335
28.030	362
28.080	403
28.130	441
28.181	489
28.231	535
28.281	584
28.331	621
28.381	666
28.431	697
28.482	711
28.532	732
28.582	704
28.632	719
28.682	698
28.733	659
28.784	629
28.834	584
28.884	536
28.934	488
28.984	449
29.035	398
29.085	362
29.135	342
29.185	317
29.235	315
29.285	324
29.336	338
29.386	381
29.436	402
29.486	448
29.536	496
29.586	545
29.638	592
29.688	633
29.738	675
29.788	688
29.838	727
29.889	735
29.939	720
29.989	719
30.039	693
30.089	658
30.139	622
30.190	574
30.240	529
30.290	478
30.340	435
30.390	388
30.440	354
30.491	332
30.542	311
30.592	320
30.642	316
30.692	340
30.743	377
30.793	409
30.843	457
30.893	505
30.943	555
30.993	599
31.044	649
31.094	683
31.144	703
31.194	731
31.244	736
31.295	728
31.345	717
31.395	684
31.446	661
31.496	615
31.546	566
31.597	518
31.647	468
31.697	422
31.747	379
31.797	352
31.847	320
31.898	308
31.948	316
31.998	320
32.048	346
32.098	378
32.149	417
32.199	466
32.249	514
32.299	565
32.350	608
32.400	656
32.451	689
32.501	715
32.551	735
32.601	730
32.651	735
32.701	715
32.752	681
32.802	651
32.852	605
32.902	558
32.952	507
33.003	460
33.053	410
33.103	370
33.153	344
33.203	315
33.254	310
33.305	310
33.355	321
33.405	353
33.455	380
33.505	425
33.555	475
33.606	524
33.656	574
33.706	622
33.756	665
33.806	692
33.857	726
33.907	739
33.957	734
34.007	732
34.057	705
34.107	681
34.159	644
34.209	594
34.259	549
34.309	496
34.359	449
34.410	401
34.460	367
34.510	332
34.560	310
34.610	309
34.660	306
34.711	325
34.761	357
34.811	388
34.861	442
34.911	482
34.961	534
35.012	583
35.063	633
35.113	674
35.163	699
35.213	731
35.264	728
35.314	743
35.364	732
35.414	699
35.464	678
35.514	636
35.565	585
35.615	538
35.665	490
35.715	436
35.765	390
35.815	359
35.866	323
35.916	306
35.967	305
36.017	307
36.067	348
36.118	356
36.168	395
36.218	445
36.268	493
36.318	545
36.368	595
36.419	643
36.469	672
36.519	717
36.569	737
36.619	736
36.669	744
36.720	728
36.770	699
36.821	670
36.871	616
36.921	580
36.972	527
37.022	476
37.072	425
37.122	381
37.172	347
37.222	315
37.273	311
37.323	294
37.373	307
37.423	337
37.473	361
37.523	405
37.574	454
37.624	504
37.674	556
37.725	610
37.775	654
37.826	685
37.876	723
37.926	740
37.976	744
38.026	745
38.076	716
38.127	703
38.177	663
38.227	613
38.277	568
38.327	514
38.378	462
38.428	412
38.478	374
38.528	328
38.578	308
38.629	303
38.680	295
38.730	311
38.780	338
38.830	368
38.880	418
38.930	461
38.981	516
39.031	568
39.081	621
39.131	664
39.181	699
39.232	732
39.282	737
39.332	759
39.382	745
39.432	717
39.482	695
39.534	652
39.584	606
39.634	556
39.684	503
39.734	448
39.784	400
39.835	363
39.885	323
39.935	305
39.985	293
40.035	294
40.086	318
40.136	336
40.186	376
40.236	427
40.286	474
40.336	529
40.387	581
40.438	633
40.488	670
40.538	715
40.588	738
40.639	744
40.689	755
40.739	738
40.789	719
40.839	689
40.889	640
40.940	598
40.990	544
41.040	490
41.090	436
41.140	392
41.190	349
41.241	316
41.291	305
41.342	287
41.392	295
41.442	322
41.493	344
41.543	389
41.593	434
41.643	486
41.693	540
41.743	595
41.794	643
41.844	681
41.894	720
41.944	732
41.994	755
42.044	755
42.095	732
42.145	716
42.195	680
42.246	632
42.296	586
42.347	533
42.397	477
42.447	425
42.497	384
42.547	338
42.597	310
42.648	297
42.698	287
42.748	319
42.798	320
42.848	352
42.898	400
42.949	444
42.999	498
43.049	553
43.099	607
43.150	640
43.201	697
43.251	728
43.301	738
43.351	759
43.401	752
43.451	731
43.502	709
43.552	656
43.602	627
43.652	574
43.702	517
43.752	465
43.803	414
43.853	370
43.903	329
43.953	313
44.003	284
44.055	287
44.105	309
44.155	323
44.205	360
44.255	408
44.305	456
44.356	511
44.406	567
44.456	619
44.506	659
44.556	705
44.607	732
44.657	747
44.707	760
44.757	739
44.807	735
44.857	702
44.908	655
44.959	615
45.009	561
45.059	506
45.109	452
45.159	407
45.210	352
45.260	322
45.310	306
45.360	285
45.410	292
45.461	308
45.511	331
45.561	377
45.611	411
45.661	467
45.711	525
45.762	579
45.812	628
45.863	673
45.913	713
45.963	729
46.013	762
46.064	759
46.114	738
46.164	727
46.214	692
46.264	650
46.315	603
46.365	548
46.415	493
46.465	440
46.515	396
46.565	348
46.616	318
46.666	297
46.717	284
46.767	301
46.817	304
46.867	339
46.918	385
46.968	427
47.018	482
47.068	536
47.118	592
47.169	635
47.219	687
47.269	721
47.319	736
47.369	759
47.419	752
47.470	742
47.520	721
47.570	676
47.621	643
47.671	590
47.722	536
47.772	481
47.822	429
47.872	381
47.922	339
47.972	318
48.023	288
48.073	285
48.123	300
48.173	314
48.223	351
48.273	390
48.324	439
48.374	494
48.424	550
48.474	604
48.525	648
48.576	696
48.626	722
48.676	748
48.726	762
48.776	748
48.826	742
48.877	713
48.927	670
48.977	630
49.027	576
49.077	523
49.127	467
49.178	420
49.228	367
49.278	330
49.328	309
49.378	284
49.430	295
49.480	296
49.530	319
49.580	363
49.630	401
49.680	452
49.731	508
49.781	564
49.831	604
49.881	666
49.931	706
49.981	727
50.032	757
50.082	761
50.132	748
50.182	738
50.232	684
50.283	667
50.334	619
50.384	562
50.434	510
50.484	453
50.534	405
50.585	355
50.635	335
50.685	292
50.735	280
50.785	293
50.835	298
50.886	327
50.936	368
50.986	412
51.036	470
51.086	522
51.137	578
51.187	625
51.238	678
51.288	715
51.338	737
51.388	761
51.439	752
51.489	758
51.539	732
51.589	692
51.639	657
51.690	606
51.740	551
51.790	495
51.840	443
51.890	386
51.940	344
51.991	320
52.041	288
52.091	282
52.142	292
52.192	303
52.242	343
52.293	371
52.343	424
52.393	480
52.443	535
52.493	590
52.544	639
52.594	688
52.644	714
52.694	755
52.744	763
52.794	753
52.845	751
