#Creator: pendulumdriveEventBuffer
#Creation time: Wed Apr 20 15:41:28 2016
#Time	Pos
#[s]	[au]
0.051	505
0.101	503
0.152	506
0.202	507
0.252	508
0.303	513
0.353	517
0.403	520
0.453	524
0.503	526
0.553	532
0.604	535
0.654	534
0.704	536
0.754	534
0.804	533
0.854	531
0.905	524
0.955	523
1.005	518
1.056	511
1.106	506
1.157	500
1.207	495
1.257	492
1.307	489
1.357	487
1.407	489
1.458	490
1.508	494
1.558	500
1.608	506
1.658	513
1.708	520
1.759	528
1.809	536
1.859	541
1.909	548
1.960	545
2.011	552
2.061	551
2.111	546
2.161	544
2.211	537
2.261	529
2.312	520
2.362	510
2.412	500
2.462	492
2.512	484
2.563	477
2.613	473
2.663	470
2.713	471
2.763	478
2.813	480
2.865	489
2.915	497
2.965	509
3.015	522
3.065	531
3.115	543
3.166	550
3.216	562
3.266	567
3.316	564
3.366	568
3.417	563
3.467	556
3.517	549
3.567	535
3.617	525
3.667	511
3.718	497
3.769	485
3.819	473
3.869	465
3.919	458
3.969	455
4.020	453
4.070	459
4.120	467
4.170	476
4.220	489
4.271	503
4.321	518
4.371	532
4.421	550
4.471	562
4.521	568
4.572	580
4.622	582
4.673	582
4.723	579
4.773	567
4.823	561
4.874	547
4.924	529
4.974	514
5.024	497
5.074	479
5.125	466
5.175	456
5.225	442
5.275	440
5.325	442
5.375	444
5.426	453
5.476	464
5.527	479
5.577	496
5.627	514
5.678	534
5.728	550
5.778	568
5.828	580
5.878	589
5.928	597
5.979	592
6.029	595
6.079	585
6.129	570
6.179	556
6.229	537
6.280	516
6.330	498
6.380	477
6.431	458
6.481	444
6.532	436
6.582	428
6.632	427
6.682	431
6.732	439
6.782	453
6.833	469
6.883	487
6.933	508
6.983	533
7.033	553
7.083	571
7.134	590
7.184	595
7.234	608
7.284	609
7.335	601
7.386	599
7.436	583
7.486	565
7.536	545
7.586	521
7.636	499
7.687	477
7.737	456
7.787	438
7.837	427
7.887	416
7.937	413
7.988	420
8.038	424
8.088	439
8.138	458
8.188	480
8.240	504
8.290	529
8.340	555
8.390	572
8.440	595
8.490	608
8.541	615
8.591	623
8.641	614
8.691	614
8.741	600
8.791	577
8.842	559
8.892	533
8.942	504
8.992	479
9.042	461
9.093	432
9.144	417
9.194	410
9.244	401
9.294	402
9.344	411
9.395	422
9.445	447
9.495	465
9.545	492
9.595	519
9.646	548
9.696	574
9.746	593
9.796	615
9.846	616
9.896	635
9.947	634
9.997	623
10.048	617
10.098	598
10.148	571
10.198	547
10.249	517
10.299	488
10.349	460
10.399	436
10.449	415
10.500	401
10.550	393
10.600	388
10.650	397
10.700	402
10.750	423
10.801	448
10.851	474
10.901	504
10.952	534
11.002	565
11.052	587
11.103	615
11.153	630
11.203	633
11.253	645
11.303	641
11.354	629
11.404	617
11.454	588
11.504	567
11.554	536
11.604	503
11.655	472
11.705	444
11.755	418
11.805	398
11.856	389
11.907	376
11.957	379
12.007	391
12.057	404
12.107	426
12.157	454
12.208	482
12.258	516
12.308	551
12.358	580
12.408	603
12.458	629
12.509	640
12.559	647
12.609	651
12.659	639
12.709	637
12.761	613
12.811	580
12.861	556
12.911	522
12.961	488
13.011	455
13.062	429
13.112	400
13.162	383
13.212	379
13.262	370
13.312	376
13.363	386
13.413	404
13.463	432
13.513	462
13.563	495
13.614	528
13.665	564
13.715	590
13.765	616
13.815	639
13.865	643
13.916	658
13.966	656
14.016	643
14.066	633
14.116	605
14.166	577
14.217	545
14.267	510
14.317	477
14.367	444
14.417	416
14.468	390
14.518	379
14.569	368
14.619	364
14.669	378
14.719	384
14.770	408
14.820	437
14.870	470
14.920	505
14.970	540
15.020	574
15.071	599
15.121	631
15.171	648
15.221	653
15.271	663
15.322	652
15.372	649
15.423	630
15.473	597
15.523	570
15.573	536
15.624	501
15.674	465
15.724	437
15.774	404
15.824	381
15.875	372
15.925	360
15.975	362
16.025	372
16.075	386
16.125	422
16.176	444
16.226	478
16.276	514
16.327	553
16.377	584
16.427	610
16.478	640
16.528	640
16.578	665
16.628	668
16.678	654
16.729	650
16.779	627
16.829	594
16.879	563
16.929	526
16.979	492
17.030	456
17.080	426
17.130	395
17.180	374
17.231	364
17.281	355
17.332	367
17.382	366
17.432	387
17.482	419
17.532	450
17.583	485
17.633	522
17.683	559
17.733	586
17.783	623
17.833	646
17.884	655
17.934	670
17.984	668
18.034	660
18.084	650
18.135	616
18.186	593
18.236	558
18.286	520
18.336	485
18.386	451
18.437	418
18.487	389
18.537	372
18.587	352
18.637	352
18.687	361
18.738	367
18.788	390
18.838	418
18.888	454
18.938	489
18.988	527
19.040	564
19.090	592
19.140	628
19.190	649
19.240	663
19.291	673
19.341	663
19.391	667
19.441	648
19.491	618
19.541	588
19.592	555
19.642	518
19.692	480
19.742	447
19.792	410
19.843	385
19.893	368
19.944	353
19.994	353
20.044	357
20.094	367
20.145	395
20.195	419
20.245	457
20.295	493
20.345	531
20.395	565
20.446	598
20.496	630
20.546	645
20.596	669
20.646	673
20.697	665
20.747	665
20.797	644
20.848	616
20.898	585
20.948	549
20.999	515
21.049	477
21.099	443
21.149	410
21.199	385
21.249	363
21.300	352
21.350	356
21.400	355
21.450	369
21.500	395
21.551	425
21.601	461
21.651	496
21.701	535
21.752	566
21.802	604
21.853	633
21.903	649
21.953	669
22.003	666
22.053	671
22.103	664
22.154	636
22.204	616
22.254	581
22.304	546
22.354	510
22.405	476
22.455	437
22.505	405
22.555	383
22.605	360
22.656	352
22.707	354
22.757	355
22.807	383
22.857	394
22.907	429
22.958	464
23.008	502
23.058	539
23.108	572
23.158	607
23.208	622
23.259	659
23.309	671
23.359	665
23.409	673
23.459	661
23.509	637
23.561	612
23.611	568
23.661	544
23.711	507
23.761	468
23.812	434
23.862	402
23.912	378
23.962	357
24.012	359
24.062	348
24.113	356
24.163	378
24.213	398
24.263	435
24.313	470
24.363	507
24.414	540
24.465	581
24.515	613
24.565	634
24.615	661
24.666	671
24.716	670
24.766	674
24.816	653
24.866	639
24.916	607
24.967	570
25.017	538
25.067	501
25.117	463
25.167	428
25.217	401
25.268	368
25.318	355
25.369	354
25.419	347
25.469	359
25.520	376
25.570	402
25.620	439
25.670	470
25.720	512
25.770	546
25.821	584
25.871	615
25.921	641
25.971	664
26.021	667
26.071	681
26.122	673
26.172	652
26.223	637
26.273	602
26.323	567
26.374	535
26.424	496
26.474	456
26.524	423
26.574	396
26.624	368
26.675	355
26.725	348
26.775	348
26.825	363
26.875	372
26.926	404
26.976	441
27.026	476
27.076	514
27.127	551
27.177	588
27.228	615
27.278	649
27.328	666
27.378	667
27.428	678
27.478	669
27.529	656
27.579	636
27.629	595
27.679	569
27.729	533
27.780	493
27.830	456
27.880	423
27.930	390
27.980	366
28.031	357
28.082	344
28.132	348
28.182	362
28.232	375
28.282	409
28.332	443
28.383	478
28.433	516
28.483	555
28.533	589
28.583	616
28.634	649
28.684	660
28.734	673
28.784	677
28.834	663
28.884	658
28.936	632
28.986	593
29.036	564
29.086	528
29.136	489
29.187	452
29.237	422
29.287	388
29.337	366
29.387	355
29.437	346
29.488	363
29.538	358
29.588	379
29.638	413
29.688	444
29.738	481
29.789	519
29.840	558
29.890	582
29.940	625
29.990	650
30.041	657
30.091	675
30.141	675
30.191	664
30.241	656
30.291	616
30.342	594
30.392	562
30.442	522
30.492	487
30.542	450
30.592	417
30.643	386
30.693	377
30.744	348
30.794	346
30.844	355
30.895	359
30.945	382
30.995	414
31.045	449
31.095	485
31.145	524
31.196	561
31.246	591
31.296	628
31.346	650
31.396	663
31.446	676
31.497	666
31.547	671
31.597	653
31.648	619
31.698	592
31.749	559
31.799	521
31.849	484
31.899	449
31.949	412
31.999	385
32.050	368
32.100	350
32.150	349
32.200	353
32.250	362
32.300	387
32.351	413
32.401	450
32.451	488
32.501	527
32.552	563
32.603	594
32.653	629
32.703	643
32.753	671
32.803	675
32.853	665
32.904	667
32.954	648
33.004	619
33.054	590
33.104	552
33.155	518
33.205	480
33.255	446
33.305	411
33.355	385
33.405	363
33.457	350
33.507	354
33.557	348
33.607	364
33.657	391
33.707	417
33.758	455
33.808	490
33.858	529
33.908	560
33.958	599
34.009	630
34.059	645
34.109	668
34.159	670
34.209	671
34.259	667
34.310	641
34.361	623
34.411	587
34.461	551
34.511	517
34.561	478
34.612	442
34.662	409
34.712	386
34.762	360
34.812	351
34.863	352
34.913	352
34.963	370
35.013	388
35.063	420
35.113	457
35.164	493
35.214	532
35.265	564
35.315	602
35.365	628
35.415	652
35.466	668
35.516	667
35.566	674
35.616	665
35.666	641
35.717	618
35.767	582
35.817	550
35.867	514
35.917	477
35.967	440
36.018	407
36.068	382
36.119	360
36.169	355
36.219	348
36.270	352
36.320	372
36.370	391
36.420	424
36.470	460
36.520	496
36.571	533
36.621	569
36.671	605
36.721	627
36.771	657
36.821	669
36.872	669
36.922	674
36.972	652
37.023	643
37.073	613
37.124	575
37.174	547
37.224	509
37.274	472
37.324	436
37.374	414
37.425	376
37.475	358
37.525	354
37.575	347
37.625	355
37.675	372
37.726	393
37.776	435
37.826	461
37.876	500
37.927	536
37.978	574
38.028	608
38.078	631
38.128	659
38.178	653
38.228	677
38.279	673
38.329	655
38.379	643
38.429	611
38.479	575
38.529	545
38.580	505
38.630	468
38.680	433
38.730	405
38.780	375
38.832	359
38.882	352
38.932	347
38.982	359
39.032	368
39.082	396
39.133	432
39.183	465
39.233	503
39.283	539
39.333	577
39.383	605
39.434	641
39.484	659
39.534	662
39.584	675
39.634	670
39.685	657
39.736	641
39.786	604
39.836	578
39.886	542
39.936	502
39.987	466
40.037	432
40.087	400
40.137	373
40.187	361
40.238	345
40.288	348
40.338	360
40.388	372
40.438	400
40.488	432
40.539	467
40.589	504
40.640	543
40.690	578
40.740	605
40.790	640
40.841	656
40.891	666
40.941	674
40.991	663
41.041	663
41.092	640
41.142	603
41.192	575
41.242	538
41.292	500
41.342	465
41.393	431
41.443	398
41.493	373
41.544	361
41.594	349
41.644	352
41.695	358
41.745	373
41.795	403
41.845	432
41.895	469
41.946	505
41.996	545
42.046	577
42.096	610
42.146	639
42.196	651
42.247	670
42.297	672
42.347	662
42.397	659
42.448	630
42.499	604
42.549	573
42.599	535
42.649	502
42.699	463
42.749	433
42.800	399
42.850	380
42.900	358
42.950	352
43.000	357
43.050	359
43.101	377
43.151	404
43.201	435
43.251	472
43.301	507
43.353	544
43.403	572
43.453	610
43.503	636
43.553	649
43.603	668
43.654	650
43.704	667
43.754	655
43.804	627
43.854	604
43.904	571
43.955	535
44.005	500
44.055	467
44.105	430
44.155	401
44.206	381
44.257	361
44.307	356
44.357	357
44.407	362
44.457	383
44.508	402
44.558	436
44.608	472
44.658	508
44.708	544
44.758	573
44.809	609
44.859	624
44.909	655
44.959	665
45.009	659
45.060	664
45.110	651
45.161	627
45.211	603
45.261	562
45.311	536
45.362	499
45.412	464
45.462	430
45.512	402
45.562	382
45.612	363
45.663	367
45.713	355
45.763	365
45.813	386
45.863	406
45.914	439
45.964	472
46.015	508
46.065	540
46.115	575
46.165	608
46.216	626
46.266	652
46.316	660
46.366	660
46.416	662
46.467	641
46.517	631
46.567	602
46.617	564
46.667	536
46.717	500
46.768	464
46.818	432
46.868	407
46.919	378
46.969	366
47.019	364
47.070	359
47.120	369
47.170	385
47.220	408
47.270	442
47.321	470
47.371	508
47.421	541
47.471	576
47.521	604
47.571	628
47.622	649
47.672	649
47.722	663
47.772	659
47.823	641
47.873	628
47.924	599
47.974	565
48.024	535
48.074	499
48.124	464
48.175	434
48.225	408
48.275	384
48.325	373
48.375	364
48.425	364
48.476	376
48.526	386
48.576	410
48.626	441
48.676	473
48.727	509
48.778	542
48.828	575
48.878	599
48.928	630
48.978	645
49.029	648
49.079	659
49.129	652
49.179	642
49.229	626
49.279	594
49.330	567
49.380	535
49.430	500
49.480	466
49.530	436
49.580	406
49.632	386
49.682	376
49.732	365
49.782	367
49.832	377
49.883	389
49.933	415
49.983	441
50.033	476
50.083	508
50.133	544
50.184	575
50.234	601
50.284	628
50.334	637
50.384	653
50.435	658
50.485	647
50.536	643
50.586	623
50.636	593
50.686	566
50.737	533
50.787	498
50.837	465
50.887	435
50.937	407
50.987	388
51.038	376
51.088	366
51.138	383
51.188	372
51.238	391
51.289	417
51.339	444
51.389	477
51.440	510
51.490	545
51.540	568
51.591	605
51.641	628
51.691	637
51.741	654
51.791	656
51.841	646
51.892	642
51.942	608
51.992	595
52.042	564
52.092	528
52.143	497
52.193	463
52.243	433
52.293	406
52.344	391
52.394	370
52.445	367
52.495	372
52.545	375
52.595	393
52.645	417
52.695	446
52.746	478
52.796	513
52.846	547
52.896	574
52.946	606
52.997	628
53.047	641
53.097	654
53.147	649
53.197	655
53.248	640
53.299	615
53.349	593
53.399	561
53.449	527
53.499	495
53.550	461
53.600	428
53.650	405
53.700	388
53.750	372
53.800	369
53.851	370
53.901	377
53.951	397
54.001	414
54.051	447
54.101	480
54.153	514
54.203	547
54.253	575
54.303	608
54.353	622
54.404	649
54.454	654
54.504	651
54.554	653
54.604	637
54.654	616
54.705	592
54.755	555
54.805	528
54.855	493
54.905	461
54.955	429
55.006	404
55.057	384
55.107	371
55.157	370
55.207	366
55.258	377
55.308	397
55.358	418
55.408	449
55.458	482
55.508	517
55.559	547
55.609	582
55.659	609
55.709	626
55.759	647
55.809	652
55.860	654
55.910	652
55.961	634
56.011	619
56.061	591
56.112	555
56.162	526
56.212	492
56.262	458
56.312	428
56.362	405
56.413	382
56.463	370
56.513	370
56.563	368
56.613	382
56.663	394
56.714	419
56.764	451
56.815	483
56.865	518
56.915	549
56.966	583
57.016	606
57.066	631
57.116	648
57.166	649
57.216	658
57.267	652
57.317	634
57.367	618
57.417	584
57.467	556
57.518	524
57.568	489
57.618	455
57.668	425
57.719	401
57.769	381
57.820	380
57.870	364
57.920	368
57.970	381
58.020	396
58.070	422
58.121	453
58.171	487
58.221	519
58.271	555
58.321	585
58.372	608
58.422	636
58.472	649
58.522	651
58.572	659
58.623	640
58.674	638
58.724	616
58.774	582
58.824	555
