#Creator: pendulumdriveEventBuffer
#Creation time: Wed Apr 20 15:41:28 2016
#Time	Pos
#[s]	[au]
0.050	554
0.100	552
0.151	549
0.201	548
0.252	544
0.302	542
0.352	540
0.402	538
0.452	538
0.503	536
0.553	535
0.603	535
0.653	536
0.703	536
0.753	537
0.804	539
0.854	541
0.904	544
0.954	545
1.004	548
1.055	550
1.106	551
1.156	556
1.206	556
1.256	559
1.306	559
1.357	560
1.407	561
1.457	561
1.507	560
1.557	561
1.607	558
1.658	557
1.708	555
1.758	555
1.808	554
1.858	552
1.908	548
1.960	550
2.010	547
2.060	547
2.110	545
2.160	545
2.211	546
2.261	545
2.311	544
2.361	546
2.411	546
2.461	546
2.512	546
2.562	546
2.612	547
2.662	546
2.712	544
2.762	546
2.813	545
2.864	545
2.914	544
2.964	542
3.014	543
3.065	542
3.115	540
3.165	542
3.215	543
3.265	544
3.315	543
3.366	546
3.416	547
3.466	549
3.516	548
3.566	553
3.616	554
3.667	555
3.717	557
3.768	559
3.818	560
3.868	561
3.919	558
3.969	561
4.019	560
4.069	559
4.119	558
4.169	555
4.220	554
4.270	552
4.320	548
4.370	547
4.420	546
4.471	545
4.521	543
4.571	541
4.621	540
4.672	539
4.722	540
4.773	539
4.823	540
4.873	540
4.923	541
4.973	541
5.023	543
5.074	543
5.124	543
5.174	545
5.224	546
5.274	547
5.325	548
5.375	547
5.425	549
5.475	549
5.526	548
5.576	550
5.627	551
5.677	550
5.727	552
5.777	551
5.827	553
5.877	552
5.928	554
5.978	553
6.028	554
6.078	555
6.128	555
6.179	556
6.229	557
6.279	556
6.329	554
6.379	555
6.430	555
6.481	553
6.531	553
6.581	552
6.631	551
6.681	548
6.732	546
6.782	543
6.832	543
6.882	540
6.932	539
6.982	537
7.033	537
7.083	536
7.133	536
7.183	536
7.233	537
7.283	539
7.335	538
7.385	539
7.435	543
7.485	544
7.535	545
7.586	546
7.636	549
7.686	552
7.736	553
7.786	554
7.836	558
7.887	558
7.937	558
7.987	559
8.037	559
8.087	559
8.137	558
8.188	557
8.239	558
8.289	555
8.339	554
8.389	553
8.440	551
8.490	551
8.540	548
8.590	546
8.640	546
8.690	543
8.741	544
8.791	544
8.841	543
8.891	543
8.941	542
8.991	542
9.042	543
9.092	543
9.143	542
9.193	543
9.243	542
9.294	543
9.344	542
9.394	544
9.444	545
9.494	544
9.544	544
9.595	544
9.645	544
9.695	545
9.745	545
9.795	544
9.845	547
9.896	547
9.946	549
9.996	550
10.047	551
10.097	554
10.148	554
10.198	552
10.248	558
10.298	558
10.348	558
10.398	558
10.449	558
10.499	557
10.549	557
10.599	552
10.649	555
10.700	553
10.750	552
10.800	550
10.850	548
10.900	547
10.951	545
11.002	544
11.052	541
11.102	540
11.152	539
11.202	538
11.252	537
11.303	539
11.353	539
11.403	540
11.453	539
11.503	540
11.554	541
11.604	542
11.654	543
11.704	545
11.754	545
11.804	547
11.856	547
11.906	549
11.956	549
12.006	550
12.056	551
12.106	553
12.157	552
12.207	552
12.257	553
12.307	553
12.357	554
12.408	554
12.458	554
12.508	554
12.558	554
12.608	554
12.658	554
12.709	554
12.760	555
12.810	553
12.860	552
12.910	553
12.960	551
13.011	550
13.061	549
13.111	549
13.161	547
13.211	547
13.262	545
13.312	545
13.362	544
13.412	542
13.462	541
13.512	539
13.563	540
13.613	538
13.664	538
13.714	539
13.764	538
13.815	539
13.865	539
13.915	540
13.965	542
14.015	542
14.065	542
14.116	545
14.166	547
14.216	548
14.266	551
14.316	552
14.366	554
14.417	555
14.467	556
14.517	558
14.568	558
14.618	558
14.669	558
14.719	558
14.769	557
14.819	557
14.869	556
14.919	555
14.970	553
15.020	551
15.070	550
15.120	549
15.170	547
15.220	545
15.271	544
15.321	543
15.371	542
15.421	542
15.472	542
15.523	540
15.573	541
15.623	539
15.673	540
15.723	542
15.773	541
15.824	542
15.874	542
15.924	542
15.974	543
16.024	543
16.074	547
16.125	545
16.175	545
16.225	545
16.275	544
16.325	545
16.377	547
16.427	548
16.477	550
16.527	550
16.577	550
16.627	551
16.678	553
16.728	553
16.778	555
16.828	555
16.878	552
16.928	556
16.979	556
17.029	556
17.079	556
17.129	555
17.179	555
17.230	554
17.281	550
17.331	551
17.381	550
17.431	549
17.481	547
17.532	543
17.582	544
17.632	542
17.682	538
17.732	540
17.783	538
17.833	540
17.883	538
17.933	538
17.983	538
18.033	538
18.084	538
18.135	538
18.185	539
18.235	543
18.285	543
18.335	543
18.386	545
18.436	546
18.486	545
18.536	548
18.586	549
18.637	550
18.687	551
18.737	552
18.787	553
18.837	553
18.887	554
18.938	554
18.988	554
19.039	555
19.089	554
19.139	554
19.189	554
19.240	555
19.290	554
19.340	552
19.390	552
19.440	552
19.491	551
19.541	549
19.591	548
19.641	548
19.691	547
19.741	545
19.792	545
19.842	544
19.892	541
19.943	540
19.993	541
20.044	539
20.094	540
20.144	538
20.194	538
20.244	538
20.294	538
20.345	539
20.395	540
20.445	540
20.495	542
20.545	541
20.595	543
20.646	545
20.696	546
20.746	547
20.796	549
20.847	550
20.898	551
20.948	553
20.998	554
21.048	554
21.098	556
21.148	556
21.199	558
21.249	557
21.299	557
21.349	556
21.399	556
21.449	554
21.500	553
21.550	553
21.600	551
21.650	549
21.700	548
21.752	546
21.802	545
21.852	544
21.902	543
21.952	541
22.002	541
22.053	540
22.103	540
22.153	539
22.203	539
22.253	540
22.303	539
22.354	539
22.404	541
22.454	541
22.504	542
22.554	542
22.605	542
22.656	543
22.706	544
22.756	544
22.806	546
22.856	547
22.907	546
22.957	547
23.007	548
23.057	550
23.107	551
23.157	550
23.208	553
23.258	553
23.308	553
23.358	555
23.408	556
23.459	556
23.509	556
23.560	557
23.610	555
23.660	554
23.710	553
23.761	552
23.811	551
23.861	551
23.911	548
23.961	544
24.012	545
24.062	543
24.112	543
24.162	543
24.212	539
24.262	539
24.313	538
24.363	536
24.413	538
24.464	537
24.514	539
24.564	538
24.615	538
24.665	539
24.715	540
24.765	540
24.815	542
24.866	543
24.916	546
24.966	546
25.016	547
25.066	549
25.116	549
25.167	552
25.217	551
25.267	553
25.317	554
25.368	554
25.418	555
25.469	556
25.519	555
25.569	555
25.619	555
25.669	554
25.720	553
25.770	553
25.820	552
25.870	551
25.920	550
25.970	549
26.021	548
26.071	547
26.121	547
26.171	545
26.221	544
26.272	543
26.323	541
26.373	543
26.423	540
26.473	540
26.523	539
26.574	540
26.624	539
26.674	539
26.724	539
26.774	540
26.824	540
26.875	540
26.925	540
26.975	541
27.025	542
27.075	543
27.125	545
27.177	546
27.227	547
27.277	548
27.327	549
27.377	551
27.428	552
27.478	555
27.528	555
27.578	555
27.628	557
27.678	556
27.729	557
27.779	556
27.829	555
27.879	557
27.929	554
27.980	552
28.030	552
28.081	550
28.131	550
28.181	548
28.231	545
28.282	545
28.332	542
28.382	541
28.432	541
28.482	539
28.532	538
28.583	537
28.633	538
28.683	539
28.733	537
28.783	538
28.834	539
28.884	539
28.935	540
28.985	541
29.035	542
29.085	543
29.136	544
29.186	546
29.236	546
29.286	547
29.336	549
29.386	549
29.437	550
29.487	553
29.537	553
29.587	553
29.637	554
29.688	554
29.738	555
29.788	554
29.839	554
29.889	555
29.939	554
29.990	553
30.040	552
30.090	551
30.140	551
30.190	550
30.240	548
30.291	548
30.341	546
30.391	545
30.441	544
30.491	542
30.542	542
30.592	540
30.642	537
30.692	539
30.743	538
30.793	539
30.844	537
30.894	538
30.944	538
30.994	538
31.044	538
31.095	539
31.145	541
31.195	542
31.245	543
31.295	543
31.345	545
31.396	546
31.446	546
31.496	550
31.546	551
31.596	551
31.647	552
31.698	554
31.748	555
31.798	555
31.848	553
31.898	556
31.949	555
31.999	556
32.049	555
32.099	554
32.149	554
32.199	552
32.250	551
32.300	549
32.350	549
32.400	547
32.450	545
32.500	545
32.552	543
32.602	541
32.652	541
32.702	539
32.752	539
32.803	539
32.853	537
32.903	538
32.953	538
33.003	538
33.053	539
33.104	539
33.154	540
33.204	540
33.254	541
33.304	542
33.354	544
33.405	544
33.456	545
33.506	546
33.556	548
33.606	549
33.657	549
33.707	550
33.757	552
33.807	553
33.857	553
33.907	554
33.958	555
34.008	554
34.058	554
34.108	553
34.158	555
34.208	555
34.259	552
34.309	551
34.360	551
34.410	550
34.460	549
34.511	547
34.561	546
34.611	545
34.661	543
34.711	543
34.761	540
34.812	540
34.862	540
34.912	539
34.962	539
35.012	537
35.063	538
35.113	538
35.163	538
35.213	537
35.264	538
35.314	539
35.365	542
35.415	539
35.465	542
35.515	543
35.565	543
35.615	544
35.666	544
35.716	546
35.766	547
35.816	549
35.866	549
35.917	552
35.967	553
36.017	554
36.067	554
36.117	553
36.168	557
36.219	554
36.269	555
36.319	555
36.369	554
36.419	554
36.469	552
36.520	550
36.570	549
36.620	548
36.670	547
36.720	545
36.771	543
36.821	543
36.871	541
36.921	538
36.971	539
37.021	538
37.073	538
37.123	537
37.173	538
37.223	537
37.273	537
37.324	537
37.374	538
37.424	538
37.474	541
37.524	541
37.574	541
37.625	542
37.675	543
37.725	542
37.775	545
37.825	547
37.875	548
37.926	549
37.977	550
38.027	552
38.077	551
38.127	550
38.178	553
38.228	553
38.278	553
38.328	554
38.378	554
38.428	554
38.479	553
38.529	552
38.579	551
38.629	551
38.679	549
38.729	550
38.780	548
38.830	547
38.881	545
38.931	544
38.981	543
39.032	542
39.082	541
39.132	540
39.182	539
39.232	539
39.282	538
39.333	538
39.383	538
39.433	537
39.483	536
39.533	538
39.583	538
39.634	540
39.684	539
39.735	540
39.785	542
39.835	543
39.886	543
39.936	545
39.986	547
40.036	550
40.086	549
40.136	551
40.187	552
40.237	553
40.287	554
40.337	555
40.387	555
40.437	556
40.488	555
40.538	554
40.588	554
40.639	554
40.689	552
40.740	552
40.790	550
40.840	551
40.890	546
40.940	548
40.990	545
41.041	544
41.091	543
41.141	542
41.191	541
41.241	541
41.292	539
41.342	539
41.392	538
41.442	538
41.492	538
41.543	537
41.594	537
41.644	539
41.694	539
41.744	539
41.794	539
41.844	541
41.895	541
41.945	542
41.995	543
42.045	545
42.095	546
42.146	547
42.196	548
42.246	550
42.296	551
42.346	551
42.396	551
42.448	554
42.498	554
42.548	554
42.598	554
42.648	554
42.698	554
42.749	554
42.799	553
42.849	554
42.899	552
42.949	550
43.000	549
43.050	548
43.100	546
43.150	544
43.200	543
43.250	543
43.301	540
43.352	541
43.402	539
43.452	538
43.502	538
43.552	538
43.603	537
43.653	538
43.703	538
43.753	537
43.803	538
43.854	538
43.904	540
43.954	540
44.004	540
44.054	542
44.104	543
44.155	544
44.205	545
44.256	546
44.306	547
44.356	548
44.407	548
44.457	551
44.507	552
44.557	552
44.607	552
44.657	553
44.708	554
44.758	553
44.808	550
44.858	555
44.908	554
44.958	552
45.009	552
45.059	550
45.109	551
45.160	549
45.210	545
45.261	546
45.311	544
45.361	545
45.411	542
45.461	541
45.511	542
45.562	539
45.612	537
45.662	538
45.712	537
45.762	539
45.812	537
45.863	537
45.913	538
45.963	538
46.013	537
46.064	539
46.115	539
46.165	540
46.215	541
46.265	542
46.315	543
46.365	545
46.416	545
46.466	548
46.516	549
46.566	550
46.616	551
46.666	551
46.717	553
46.767	553
46.817	554
46.867	555
46.917	555
46.969	554
47.019	555
47.069	554
47.119	553
47.169	552
47.219	551
47.270	549
47.320	548
47.370	547
47.420	545
47.470	544
47.520	544
47.571	543
47.621	540
47.671	539
47.721	539
47.771	539
47.822	537
47.873	537
47.923	538
47.973	538
48.023	537
48.073	537
48.124	539
48.174	539
48.224	538
48.274	541
48.324	542
48.375	542
48.425	544
48.475	545
48.525	545
48.575	547
48.625	549
48.676	548
48.727	550
48.777	552
48.827	552
48.877	552
48.927	553
48.978	554
49.028	555
49.078	553
49.128	555
49.178	553
49.229	552
49.279	553
49.329	551
49.379	550
49.429	549
49.479	548
49.530	547
49.580	544
49.631	544
49.681	543
49.731	541
49.781	540
49.832	538
49.882	538
49.932	537
49.982	536
50.032	537
50.083	536
50.133	536
50.183	537
50.233	538
50.283	538
50.333	539
50.384	540
50.434	541
50.484	542
50.535	543
50.585	544
50.636	545
50.686	546
50.736	549
50.786	549
50.836	548
50.886	550
50.937	552
50.987	552
51.037	553
51.087	552
51.137	553
51.187	553
51.238	554
51.288	552
51.338	553
51.388	552
51.439	551
51.490	553
51.540	549
51.590	548
51.640	547
51.690	546
51.740	545
51.791	545
51.841	543
51.891	540
51.941	542
51.991	540
52.041	539
52.092	539
52.142	538
52.192	539
52.242	538
52.292	536
52.344	538
52.394	537
52.444	539
52.494	538
52.544	538
52.594	540
52.645	540
52.695	540
52.745	542
52.795	543
52.845	544
52.895	545
52.946	547
52.996	548
53.046	550
53.096	550
53.146	551
53.197	553
53.248	554
53.298	554
53.348	554
53.398	555
53.448	554
53.499	552
53.549	554
53.599	553
53.649	552
53.699	551
53.749	550
53.800	548
53.850	547
53.900	545
53.950	544
54.000	542
54.051	541
54.101	541
54.152	538
54.202	538
54.252	537
54.302	537
54.353	537
54.403	536
54.453	537
54.503	539
54.553	538
54.604	539
54.654	539
54.704	539
54.754	541
54.804	542
54.854	543
54.905	543
54.955	544
55.005	546
55.056	547
55.106	546
55.156	548
55.207	549
55.257	549
55.307	551
55.357	550
55.407	553
55.458	552
55.508	552
55.558	553
55.608	553
55.658	553
55.708	553
55.759	550
55.809	551
55.859	551
55.909	550
55.960	549
56.010	548
56.061	548
56.111	545
56.161	544
56.211	543
56.261	541
56.312	541
56.362	539
56.412	539
56.462	538
56.512	537
56.562	536
56.613	535
56.663	537
56.713	536
56.763	537
56.813	537
56.864	538
56.915	539
56.965	539
57.015	539
57.065	541
57.115	543
57.166	544
57.216	545
57.266	546
57.316	547
57.366	547
57.416	550
57.467	551
57.517	550
57.567	552
57.617	553
57.667	553
57.717	553
57.769	552
57.819	554
57.869	553
57.919	552
57.969	552
58.020	551
58.070	550
58.120	550
58.170	551
58.220	547
58.270	546
58.321	544
58.371	543
58.421	541
58.471	541
58.521	540
58.572	536
58.622	538
58.673	537
58.723	538
58.773	536
58.823	536
58.874	537
58.924	536
58.974	534
59.024	538
59.074	538
59.124	538
59.175	540
59.225	541
59.275	542
59.325	544
59.375	542
59.426	545
59.476	548
59.527	549
59.577	550
59.627	550
