#Creator: pendulumdriveEventBuffer
#Creation time: Wed Apr 20 15:41:28 2016
#Time	Pos
#[s]	[au]
0.050	523
0.101	519
0.151	514
0.201	512
0.251	505
0.301	501
0.352	497
0.402	493
0.452	490
0.502	489
0.553	489
0.603	489
0.654	491
0.704	494
0.754	499
0.804	504
0.854	512
0.905	518
0.955	523
1.005	531
1.055	533
1.105	540
1.155	541
1.206	539
1.256	541
1.306	536
1.356	530
1.406	525
1.457	515
1.508	509
1.558	500
1.608	492
1.658	485
1.708	479
1.759	475
1.809	473
1.859	473
1.909	476
1.959	481
2.009	486
2.060	495
2.110	506
2.160	514
2.210	526
2.260	532
2.310	543
2.362	550
2.412	550
2.462	557
2.512	553
2.562	550
2.613	545
2.663	534
2.713	527
2.763	515
2.813	502
2.863	492
2.914	487
2.964	471
3.014	466
3.064	461
3.114	460
3.164	461
3.215	467
3.266	475
3.316	485
3.366	496
3.416	509
3.467	520
3.517	535
3.567	546
3.617	553
3.667	562
3.717	560
3.768	565
3.818	565
3.868	553
3.918	548
3.968	537
4.018	522
4.069	509
4.119	495
4.170	482
4.220	471
4.270	461
4.321	455
4.371	452
4.421	452
4.471	457
4.521	467
4.571	473
4.622	487
4.672	500
4.722	516
4.772	530
4.822	542
4.873	555
4.923	560
4.973	571
5.023	572
5.074	567
5.124	566
5.175	556
5.225	543
5.275	532
5.325	516
5.375	501
5.425	487
5.476	473
5.526	462
5.576	454
5.626	449
5.676	448
5.727	452
5.777	456
5.827	468
5.877	479
5.928	495
5.978	510
6.029	523
6.079	539
6.129	548
6.179	563
6.229	570
6.279	568
6.330	573
6.380	567
6.430	559
6.480	550
6.530	534
6.581	522
6.631	507
6.681	491
6.731	478
6.781	467
6.832	457
6.883	451
6.933	451
6.983	449
7.033	456
7.083	465
7.134	478
7.184	489
7.234	504
7.284	520
7.334	530
7.384	545
7.435	557
7.485	561
7.535	569
7.585	568
7.635	565
7.685	560
7.737	549
7.787	539
7.837	526
7.887	511
7.937	499
7.988	485
8.038	473
8.088	464
8.138	458
8.188	455
8.238	457
8.289	461
8.339	467
8.389	477
8.439	487
8.489	501
8.539	512
8.590	527
8.641	538
8.691	545
8.741	555
8.791	558
8.842	559
8.892	560
8.942	551
8.992	547
9.042	537
9.092	526
9.143	518
9.193	505
9.243	493
9.293	485
9.343	477
9.393	472
9.444	468
9.494	467
9.545	470
9.595	475
9.645	480
9.696	490
9.746	497
9.796	508
9.846	517
9.896	524
9.946	533
9.997	536
10.047	543
10.097	546
10.147	543
10.197	544
10.247	540
10.298	533
10.348	528
10.398	519
10.449	514
10.499	505
10.550	499
10.600	495
10.650	490
10.700	487
10.750	485
10.800	486
10.851	485
10.901	488
10.951	492
11.001	497
11.051	502
11.102	505
11.152	512
11.202	514
11.252	520
11.302	524
11.353	525
11.404	529
11.454	528
11.504	526
11.554	527
11.604	524
11.654	524
11.705	523
11.755	517
11.805	518
11.855	514
11.905	509
11.956	507
12.006	505
12.056	503
12.106	500
12.156	498
12.206	498
12.258	498
12.308	497
12.358	499
12.408	498
12.458	499
12.508	502
12.559	502
12.609	507
12.659	509
12.709	509
12.759	516
12.810	516
12.860	522
12.910	525
12.960	525
13.010	530
13.060	530
13.111	528
13.162	529
13.212	525
13.262	524
13.312	521
13.362	515
13.413	511
13.463	506
13.513	500
13.563	496
13.613	490
13.664	487
13.714	486
13.764	484
13.814	485
13.864	487
13.914	490
13.965	496
14.015	501
14.066	507
14.116	516
14.166	521
14.217	530
14.267	537
14.317	540
14.367	545
14.417	542
14.467	546
14.518	543
14.568	536
14.618	532
14.668	524
14.718	514
14.768	507
14.819	496
14.869	488
14.919	480
14.970	475
15.020	471
15.071	469
15.121	469
15.171	472
15.221	478
15.271	486
15.321	497
15.372	505
15.422	517
15.472	528
15.522	538
15.572	548
15.622	551
15.673	559
15.723	561
15.773	556
15.823	554
15.874	546
15.925	537
15.975	528
16.025	513
16.075	503
16.125	490
16.175	478
16.226	468
16.276	463
16.326	456
16.376	456
16.426	458
16.476	463
16.527	472
16.577	482
16.627	495
16.677	506
16.727	523
16.779	537
16.829	546
16.879	559
16.929	567
16.979	566
17.029	572
17.080	559
17.130	560
17.180	552
17.230	537
17.280	526
17.330	510
17.381	494
17.431	480
17.481	470
17.531	457
17.581	451
17.632	448
17.683	447
17.733	452
17.783	460
17.833	471
17.883	486
17.934	499
17.984	514
18.034	529
18.084	544
18.134	558
18.185	565
18.235	574
18.285	569
18.335	575
18.385	570
18.435	557
18.486	549
18.537	534
18.587	517
18.637	502
18.687	487
18.737	472
18.788	461
18.838	452
18.888	445
18.938	444
18.988	448
19.039	453
19.089	463
19.139	475
19.189	491
19.239	506
19.289	524
19.340	539
19.390	550
19.441	565
19.491	567
19.541	577
19.591	576
19.642	568
19.692	565
19.742	554
19.792	539
19.842	526
19.893	509
19.943	493
19.993	478
20.043	467
20.093	456
20.143	449
20.194	446
20.244	447
20.294	452
20.345	460
20.395	473
20.446	485
20.496	501
20.546	516
20.596	531
20.646	546
20.696	552
20.747	566
20.797	571
20.847	569
20.897	570
20.947	563
20.997	554
21.048	544
21.098	528
21.148	516
21.198	502
21.249	487
21.300	476
21.350	467
21.400	459
21.450	455
21.500	456
21.550	457
21.601	464
21.651	472
21.701	484
21.751	496
21.801	509
21.851	522
21.902	531
21.952	545
22.002	552
22.052	555
22.102	561
22.154	558
22.204	555
22.254	551
22.304	540
22.354	533
22.404	523
22.455	511
22.505	501
22.555	492
22.605	483
22.655	477
22.705	473
22.756	469
22.806	471
22.856	473
22.906	478
22.956	484
23.007	491
23.058	501
23.108	508
23.158	518
23.208	525
23.258	530
23.309	538
23.359	540
23.409	542
23.459	543
23.509	538
23.559	539
23.610	533
23.660	527
23.710	522
23.760	516
23.810	509
23.861	504
23.911	498
23.962	494
24.012	491
24.062	488
24.112	487
24.163	488
24.213	487
24.263	490
24.313	492
24.363	497
24.414	501
24.464	504
24.514	510
24.564	513
24.614	518
24.664	523
24.715	523
24.765	530
24.815	531
24.866	531
24.916	533
24.966	529
25.017	531
25.067	528
25.117	522
25.167	521
25.217	517
25.268	511
25.318	507
25.368	502
25.418	497
25.468	493
25.518	489
25.569	487
25.619	487
25.669	485
25.719	486
25.770	489
25.820	491
25.871	496
25.921	501
25.971	509
26.021	515
26.071	520
26.122	529
26.172	532
26.222	539
26.272	542
26.322	541
26.372	544
26.423	542
26.473	536
26.523	533
26.573	525
26.623	519
26.674	510
26.725	500
26.775	492
26.825	485
26.875	477
26.925	473
26.976	471
27.026	469
27.076	472
27.126	476
27.176	482
27.226	491
27.277	498
27.327	511
27.377	519
27.427	530
27.477	541
27.527	545
27.579	556
27.629	559
27.679	557
27.729	558
27.779	551
27.830	545
27.880	536
27.930	525
27.980	514
28.030	500
28.080	487
28.131	477
28.181	467
28.231	459
28.281	456
28.331	456
28.382	457
28.432	463
28.483	470
28.533	482
28.583	495
28.633	509
28.684	524
28.734	536
28.784	550
28.834	560
28.884	566
28.934	573
28.985	569
29.035	573
29.085	565
29.135	551
29.185	543
29.236	527
29.286	511
29.337	497
29.387	481
29.437	468
29.487	457
29.538	449
29.588	443
29.638	444
29.688	446
29.738	455
29.788	465
29.839	479
29.889	495
29.939	511
29.989	529
30.039	544
30.090	559
30.140	572
30.190	573
30.241	583
30.291	583
30.341	574
30.392	570
30.442	555
30.492	541
30.542	525
30.592	506
30.642	489
30.693	472
30.743	459
30.793	448
30.843	447
30.893	436
30.944	437
30.994	444
31.044	453
31.094	466
31.145	481
31.195	500
31.246	516
31.296	536
31.346	553
31.396	564
31.446	577
31.497	584
31.547	582
31.597	584
31.647	570
31.697	566
31.747	552
31.798	533
31.848	517
31.898	499
31.948	481
31.998	466
32.049	458
32.100	442
32.150	438
32.200	437
32.250	439
32.300	448
32.351	459
32.401	474
32.451	490
32.501	507
32.551	526
32.601	540
32.652	559
32.702	568
32.752	574
32.802	582
32.852	579
32.902	579
32.954	570
33.004	555
33.054	544
33.104	526
33.154	508
33.205	494
33.255	477
33.305	463
33.355	454
33.405	448
33.455	444
33.506	443
33.556	450
33.606	458
33.656	471
33.706	484
33.756	499
33.807	513
33.858	530
33.908	543
33.958	554
34.008	564
34.059	566
34.109	573
34.159	570
34.209	562
34.259	557
34.309	546
34.360	533
34.410	522
34.460	506
34.510	493
34.560	482
34.610	472
34.661	465
34.711	460
34.762	458
34.812	460
34.862	465
34.913	470
34.963	480
35.013	490
35.063	502
35.113	514
35.163	525
35.214	535
35.264	539
35.314	551
35.364	553
35.414	551
35.465	555
35.515	550
35.565	544
35.615	540
35.666	528
35.716	523
35.767	513
35.817	503
35.867	495
35.917	489
35.967	482
36.017	479
36.068	476
36.118	476
36.168	477
36.218	480
36.268	484
36.319	491
36.369	496
36.419	504
36.469	509
36.519	518
36.570	525
36.621	528
36.671	535
36.721	537
36.771	541
36.821	542
36.871	538
36.922	540
36.972	535
37.022	531
37.072	527
37.122	521
37.173	514
37.223	508
37.273	499
37.323	495
37.373	490
37.423	484
37.475	483
37.525	483
37.575	479
37.625	481
37.675	484
37.726	487
37.776	493
37.826	498
37.876	505
37.926	511
37.976	520
38.027	528
38.077	531
38.127	540
38.177	544
38.227	544
38.277	548
38.328	542
38.379	543
38.429	539
38.479	529
38.529	526
38.580	517
38.630	507
38.680	498
38.730	491
38.780	481
38.830	476
38.881	471
38.931	468
38.981	468
39.031	470
39.081	475
39.131	482
39.182	489
39.232	499
39.283	509
39.333	522
39.383	533
39.434	541
39.484	551
39.534	552
39.584	562
39.634	563
39.684	558
39.735	557
39.785	548
39.835	537
39.885	529
39.935	515
39.985	501
40.036	490
40.086	477
40.137	466
40.187	459
40.237	453
40.288	451
40.338	454
40.388	457
40.438	467
40.488	476
40.538	491
40.589	505
40.639	519
40.689	535
40.739	546
40.789	561
40.839	570
40.890	570
40.940	578
40.990	575
41.041	568
41.091	562
41.142	546
41.192	535
41.242	518
41.292	501
41.342	485
41.392	470
41.443	456
41.493	446
41.543	442
41.593	436
41.643	440
41.694	447
41.744	456
41.794	470
41.844	485
41.894	504
41.945	520
41.996	541
42.046	556
42.096	566
42.146	581
42.196	585
42.246	586
42.297	587
42.347	575
42.397	571
42.447	555
42.497	535
42.548	519
42.598	498
42.648	479
42.698	461
42.748	449
42.798	436
42.850	430
42.900	430
42.950	431
43.000	441
43.050	451
43.100	467
43.151	485
43.201	505
43.251	526
43.301	542
43.351	564
43.402	576
43.452	587
43.502	596
43.552	592
43.602	594
43.652	585
43.703	568
43.754	556
43.804	533
43.854	514
43.904	493
43.954	473
44.005	455
44.055	441
44.105	432
44.155	424
44.205	426
44.256	427
44.306	437
44.356	451
44.406	468
44.456	489
44.506	509
44.557	531
44.607	550
44.658	568
44.708	584
44.758	588
44.809	599
44.859	598
44.909	590
44.959	584
45.009	564
45.059	551
45.110	531
45.160	509
45.210	488
45.260	468
45.310	451
45.360	436
45.411	435
45.461	422
45.511	423
45.562	430
45.612	440
45.663	456
45.713	474
45.763	495
45.813	513
45.863	536
45.913	556
45.964	568
46.014	585
46.064	592
46.114	593
46.164	595
46.214	584
46.265	578
46.315	563
46.365	542
46.415	525
46.466	504
46.517	483
46.567	466
46.617	455
46.667	438
46.717	432
46.767	430
46.818	430
46.868	439
46.918	450
46.968	465
47.018	481
47.068	500
47.119	520
47.169	536
47.219	555
47.269	568
47.319	574
47.371	584
47.421	581
47.471	584
47.521	576
47.571	562
47.621	552
47.672	536
47.722	518
47.772	503
47.822	486
47.872	471
47.922	459
47.973	451
48.023	446
48.073	445
48.123	447
48.173	452
48.224	462
48.275	473
48.325	489
48.375	502
48.425	519
48.475	532
48.526	543
48.576	555
48.626	559
48.676	568
48.726	568
48.777	561
48.827	562
48.877	553
48.927	542
48.977	534
49.027	518
49.078	508
49.129	497
49.179	486
49.229	477
49.279	471
49.329	464
49.380	463
49.430	464
49.480	465
49.530	472
49.580	479
49.631	489
49.681	498
49.731	507
49.781	519
49.831	525
49.881	537
49.932	543
49.982	545
50.033	552
50.083	552
50.133	550
50.183	548
50.234	541
50.284	539
50.334	530
50.384	520
50.434	514
50.485	505
50.535	496
50.585	490
50.635	484
50.685	479
50.735	476
50.786	474
50.836	475
50.886	477
50.937	481
50.987	486
51.038	492
51.088	500
51.138	507
51.188	515
51.238	524
51.288	530
51.339	537
51.389	544
51.439	544
51.489	550
51.539	550
51.589	546
51.640	545
51.690	539
51.740	532
51.790	525
51.841	513
51.892	507
51.942	498
51.992	488
52.042	481
52.092	478
52.142	470
52.193	467
52.243	468
52.293	469
52.343	473
52.393	480
52.443	488
52.494	498
52.544	508
52.594	520
52.644	528
52.694	540
52.746	550
52.796	553
52.846	561
52.896	556
52.946	561
52.996	559
53.047	548
53.097	544
53.147	533
53.197	520
53.247	509
53.297	495
53.348	482
53.398	473
53.448	464
53.498	457
53.548	453
53.599	454
53.650	455
53.700	463
53.750	469
53.800	481
53.850	494
53.901	509
53.951	524
54.001	537
54.051	552
54.101	559
54.151	572
54.202	577
54.252	573
54.302	576
54.352	569
54.402	558
54.453	548
54.503	532
54.554	518
54.604	501
54.654	485
54.704	470
54.755	457
54.805	446
54.855	439
54.905	437
54.955	436
55.006	443
55.056	453
55.106	465
55.156	481
55.206	498
55.256	518
55.307	533
55.357	555
55.407	569
55.458	576
55.508	590
55.558	592
55.609	590
55.659	587
55.709	573
55.759	566
