#Creator: pendulumdriveEventBuffer
#Creation time: Wed Apr 20 15:41:28 2016
#Time	Pos
#[s]	[au]
0.050	539
0.100	538
0.151	535
0.201	533
0.251	531
0.301	528
0.351	527
0.402	526
0.452	526
0.503	528
0.553	528
0.603	530
0.653	532
0.704	533
0.754	535
0.804	537
0.854	535
0.904	538
0.954	539
1.005	541
1.055	543
1.105	543
1.155	547
1.205	546
1.256	547
1.306	546
1.356	544
1.407	543
1.457	539
1.507	536
1.558	533
1.608	529
1.658	528
1.708	526
1.758	525
1.809	525
1.859	526
1.909	526
1.959	528
2.009	528
2.059	529
2.110	530
2.160	532
2.210	533
2.260	535
2.311	536
2.361	540
2.412	541
2.462	544
2.512	547
2.562	547
2.612	549
2.663	548
2.713	547
2.763	546
2.813	541
2.863	539
2.913	536
2.964	533
3.014	531
3.064	529
3.114	528
3.165	529
3.215	528
3.266	528
3.316	529
3.366	529
3.416	529
3.466	529
3.517	529
3.567	531
3.617	533
3.667	535
3.717	536
3.767	538
3.818	541
3.868	542
3.918	544
3.968	545
4.018	544
4.070	543
4.120	541
4.170	540
4.220	538
4.270	535
4.320	534
4.371	533
4.421	533
4.471	533
4.521	532
4.571	532
4.621	533
4.672	531
4.722	532
4.772	533
4.822	531
4.872	531
4.922	532
4.974	534
5.024	535
5.074	536
5.124	537
5.174	540
5.225	539
5.275	540
5.325	539
5.375	539
5.425	539
5.475	536
5.526	535
5.576	534
5.626	532
5.676	533
5.726	531
5.777	531
5.827	534
5.878	533
5.928	534
5.978	535
6.028	535
6.079	536
6.129	534
6.179	535
6.229	536
6.279	536
6.329	537
6.380	539
6.430	536
6.480	540
6.530	540
6.580	541
6.631	539
6.681	538
6.731	537
6.782	534
6.832	533
6.882	531
6.933	528
6.983	528
7.033	530
7.083	529
7.133	530
7.183	532
7.234	533
7.284	534
7.334	534
7.384	535
7.434	537
7.485	534
7.535	537
7.585	538
7.635	539
7.686	540
7.736	541
7.787	543
7.837	543
7.887	542
7.937	542
7.987	541
8.038	537
8.088	537
8.138	533
8.188	530
8.238	530
8.288	529
8.339	527
8.389	528
8.439	528
8.489	529
8.539	529
8.590	530
8.641	532
8.691	532
8.741	532
8.791	533
8.841	534
8.892	536
8.942	536
8.992	538
9.042	541
9.092	541
9.142	543
9.193	544
9.243	543
9.293	544
9.343	540
9.393	540
9.443	536
9.495	535
9.545	532
9.595	531
9.645	529
9.695	529
9.746	529
9.796	529
9.846	530
9.896	530
9.946	530
9.996	530
10.047	530
10.097	531
10.147	530
10.197	532
10.247	534
10.297	535
10.348	538
10.399	539
10.449	540
10.499	543
10.549	543
10.600	543
10.650	543
10.700	541
10.750	539
10.800	537
10.850	535
10.901	534
10.951	533
11.001	532
11.051	532
11.101	531
11.151	532
11.202	533
11.252	531
11.303	532
11.353	532
11.403	531
11.454	532
11.504	532
11.554	532
11.604	533
11.654	535
11.704	535
11.755	537
11.805	539
11.855	540
11.905	540
11.955	540
12.006	538
12.056	538
12.106	536
12.156	534
12.207	533
12.257	533
12.308	533
12.358	532
12.408	532
12.458	533
12.508	535
12.558	534
12.609	534
12.659	534
12.709	534
12.759	532
12.809	532
12.860	534
12.910	536
12.960	536
13.010	536
13.061	539
13.111	539
13.162	539
13.212	539
13.262	538
13.312	537
13.362	536
13.412	534
13.463	532
13.513	531
13.563	531
13.613	530
13.663	531
13.714	531
13.764	533
13.814	533
13.864	535
13.914	534
13.965	535
14.016	534
14.066	535
14.116	534
14.166	535
14.216	536
14.266	537
14.317	538
14.367	540
14.417	541
14.467	540
14.517	541
14.568	540
14.618	537
14.668	536
14.718	534
14.768	533
14.818	530
14.870	529
14.920	528
14.970	529
15.020	529
15.070	531
15.121	531
15.171	532
15.221	532
15.271	532
15.321	534
15.371	533
15.422	534
15.472	535
15.522	536
15.572	537
15.622	538
15.672	540
15.723	541
15.774	541
15.824	541
15.874	541
15.924	540
15.975	539
16.025	536
16.075	533
16.125	533
16.175	531
16.225	530
16.276	530
16.326	529
16.376	531
16.426	532
16.476	530
16.526	532
16.577	531
16.627	531
16.678	532
16.728	532
16.778	532
16.829	533
16.879	535
16.929	537
16.979	536
17.029	538
17.079	540
17.130	540
17.180	542
17.230	541
17.280	539
17.330	539
17.380	537
17.431	535
17.481	533
17.531	533
17.582	533
17.632	532
17.683	532
17.733	533
17.783	532
17.833	532
17.883	532
17.933	530
17.984	531
18.034	530
18.084	531
18.134	533
18.184	533
18.234	534
18.285	536
18.335	538
18.385	540
18.435	539
18.486	541
18.537	541
18.587	538
18.637	537
18.687	535
18.737	535
18.787	534
18.838	534
18.888	533
18.938	534
18.988	533
19.038	534
19.089	533
19.139	534
19.189	535
19.239	534
19.289	533
19.339	533
19.391	533
19.441	533
19.491	532
19.541	534
19.591	537
19.641	537
19.692	538
19.742	539
19.792	539
19.842	538
19.892	536
19.943	537
19.993	537
20.043	533
20.093	532
20.143	533
20.193	530
20.244	532
20.295	532
20.345	532
20.395	534
20.445	534
20.495	534
20.546	535
20.596	533
20.646	534
20.696	534
20.746	534
20.797	536
20.847	535
20.897	537
20.947	538
20.997	538
21.047	540
21.098	539
21.148	538
21.199	539
21.249	536
21.299	535
21.350	535
21.400	531
21.450	531
21.500	530
21.550	530
21.600	532
21.651	531
21.701	532
21.751	534
21.801	533
21.851	534
21.901	533
21.952	534
22.002	535
22.052	534
22.103	536
22.153	536
22.204	536
22.254	538
22.304	538
22.354	539
22.404	541
22.454	539
22.505	540
22.555	538
22.605	535
22.655	535
22.705	533
22.755	531
22.806	531
22.856	531
22.906	531
22.956	532
23.007	533
23.058	534
23.108	533
23.158	534
23.208	534
23.258	532
23.308	533
23.359	533
23.409	533
23.459	535
23.509	536
23.559	537
23.609	539
23.660	539
23.710	539
23.760	541
23.810	539
23.860	539
23.912	536
23.962	535
24.012	534
24.062	532
24.112	532
24.162	532
24.213	532
24.263	533
24.313	532
24.363	533
24.413	534
24.463	533
24.514	533
24.564	533
24.614	533
24.664	533
24.714	533
24.765	534
24.816	536
24.866	535
24.916	537
24.966	539
25.016	539
25.067	539
25.117	538
25.167	537
25.217	537
25.267	535
25.318	534
25.368	535
25.418	531
25.468	533
25.518	532
25.568	533
25.619	534
25.670	534
25.720	534
25.770	533
25.820	534
25.870	534
25.921	533
25.971	534
26.021	534
26.071	534
26.121	534
26.172	533
26.222	537
26.272	539
26.322	538
26.372	538
26.422	539
26.473	536
26.523	536
26.574	533
26.624	532
26.674	534
26.724	532
26.775	531
26.825	533
26.875	533
26.925	534
26.975	534
27.026	535
27.076	536
27.126	534
27.176	534
27.226	535
27.276	533
27.327	534
27.377	534
27.427	534
27.478	535
27.528	535
27.578	536
27.629	537
27.679	538
27.729	538
27.779	536
27.829	536
27.880	536
27.930	533
27.980	533
28.030	533
28.080	532
28.130	533
28.181	534
28.231	534
28.281	536
28.331	535
28.382	535
28.433	536
28.483	535
28.533	534
28.583	535
28.633	535
28.683	534
28.734	536
28.784	535
28.834	536
28.884	536
28.934	538
28.984	537
29.035	538
29.085	537
29.135	536
29.185	535
29.235	533
29.287	532
29.337	531
29.387	530
29.437	531
29.487	533
29.537	534
29.588	535
29.638	535
29.688	535
29.738	535
29.788	534
29.838	533
29.889	535
29.939	533
29.989	534
30.039	535
30.089	535
30.140	538
30.191	539
30.241	538
30.291	539
30.341	538
30.391	538
30.442	535
30.492	535
30.542	535
30.592	532
30.642	531
30.692	533
30.743	532
30.793	533
30.843	533
30.893	535
30.943	535
30.994	534
31.044	535
31.095	535
31.145	533
31.195	533
31.245	533
31.296	533
31.346	535
31.396	535
31.446	537
31.496	538
31.546	539
31.597	538
31.647	539
31.697	538
31.747	538
31.797	536
31.848	535
31.898	534
31.948	533
31.999	532
32.049	532
32.099	532
32.150	533
32.200	534
32.250	534
32.300	534
32.350	534
32.401	534
32.451	534
32.501	533
32.551	534
32.601	533
32.651	533
32.702	535
32.752	535
32.802	536
32.852	536
32.903	538
32.953	538
33.004	537
33.054	536
33.104	536
33.154	533
33.204	533
33.255	531
33.305	532
33.355	534
33.405	533
33.455	534
33.505	536
33.556	535
33.606	535
33.656	535
33.706	534
33.757	535
33.807	534
33.858	533
33.908	534
33.958	534
34.008	534
34.058	535
34.109	536
34.159	538
34.209	538
34.259	537
34.309	538
34.359	536
34.410	533
34.460	533
34.510	532
34.560	532
34.610	532
34.662	533
34.712	533
34.762	534
34.812	535
34.862	536
34.912	535
34.963	537
35.013	536
35.063	535
35.113	535
35.163	534
35.213	534
35.264	534
35.314	534
35.364	537
35.414	538
35.464	537
35.514	538
35.566	537
35.616	537
35.666	536
35.716	535
35.766	535
35.817	531
35.867	531
35.917	532
35.967	531
36.017	532
36.067	531
36.118	534
36.168	536
36.218	535
36.268	536
36.318	537
36.369	534
36.419	534
36.470	533
36.520	533
36.570	535
36.620	535
36.671	536
36.721	537
36.771	538
36.821	538
36.871	538
36.921	537
36.972	538
37.022	535
37.072	533
37.122	533
37.172	532
37.223	531
37.273	531
37.323	532
37.374	533
37.424	533
37.474	535
37.525	535
37.575	535
37.625	535
37.675	534
37.725	533
37.775	534
37.826	535
37.876	534
37.926	535
37.976	536
38.026	538
38.077	538
38.127	538
38.177	539
38.227	538
38.278	537
38.328	535
38.379	534
38.429	534
38.479	532
38.529	531
38.579	532
38.630	532
38.680	534
38.730	533
38.780	534
38.830	535
38.880	535
38.931	534
38.981	534
39.031	534
39.081	533
39.131	534
39.182	534
39.233	534
39.283	536
39.333	536
39.383	538
39.433	538
39.484	538
39.534	536
39.584	535
39.634	536
39.684	534
39.734	533
39.785	534
39.835	532
39.885	533
39.935	532
39.985	533
40.035	535
40.087	535
40.137	535
40.187	536
40.237	535
40.287	535
40.338	532
40.388	532
40.438	534
40.488	534
40.538	534
40.588	536
40.639	537
40.689	536
40.739	536
40.789	537
40.839	539
40.889	536
40.940	536
40.991	534
41.041	533
41.091	532
41.141	531
41.192	531
41.242	533
41.292	533
41.342	534
41.392	535
41.442	537
41.493	536
41.543	534
41.593	535
41.643	536
41.693	534
41.743	535
41.794	536
41.844	535
41.895	535
41.945	536
41.995	537
42.046	538
42.096	537
42.146	536
42.196	537
42.246	534
42.296	534
42.347	532
42.397	531
42.447	532
42.497	532
42.547	533
42.598	535
42.648	536
42.698	535
42.748	535
42.799	535
42.849	535
42.900	535
42.950	533
43.000	535
43.050	534
43.100	535
43.150	536
43.201	536
43.251	538
43.301	537
43.351	537
43.401	539
43.452	537
43.502	535
43.552	535
43.602	532
43.653	533
43.703	531
43.754	532
43.804	533
43.854	533
43.904	534
43.954	534
44.004	535
44.055	535
44.105	534
44.155	534
44.205	534
44.255	533
44.306	534
44.356	534
44.406	535
44.456	536
44.506	537
44.557	538
44.608	539
44.658	537
44.708	538
44.758	537
44.808	536
44.858	535
44.909	533
44.959	532
45.009	532
45.059	533
45.109	534
45.160	534
45.210	534
45.260	536
45.310	535
45.360	535
45.410	533
45.462	534
45.512	534
45.562	532
45.612	532
45.662	533
45.713	533
45.763	535
45.813	536
45.863	536
45.913	537
45.963	536
46.014	536
46.064	537
46.114	534
46.164	533
46.214	533
46.264	532
46.315	533
46.366	532
46.416	534
46.466	535
46.516	536
46.567	535
46.617	537
46.667	536
46.717	536
46.767	534
46.817	534
46.868	532
46.918	533
46.968	531
47.018	533
47.068	534
47.118	536
47.169	535
47.219	536
47.270	536
47.320	535
47.370	535
47.421	532
47.471	533
47.521	534
47.571	532
47.621	532
47.671	534
47.722	533
47.772	536
47.822	535
47.872	536
47.922	537
47.972	535
48.023	535
48.073	534
48.123	533
48.174	533
48.224	530
48.275	533
48.325	533
48.375	534
48.425	535
48.475	536
48.525	536
48.576	538
48.626	535
48.676	536
48.726	535
48.776	535
48.826	533
48.877	533
48.927	532
48.977	533
49.027	534
49.078	534
49.129	536
49.179	536
49.229	536
49.279	536
49.329	535
49.379	534
49.430	533
49.480	533
49.530	533
49.580	532
49.630	533
49.681	535
49.731	535
49.781	536
49.831	537
49.881	536
49.931	537
49.983	535
50.033	535
50.083	534
50.133	533
50.183	532
50.233	533
50.284	533
50.334	534
50.384	534
50.434	536
50.484	536
50.535	535
50.585	535
50.635	534
50.685	534
50.735	534
50.785	532
50.836	532
50.887	533
50.937	533
50.987	535
51.037	536
51.087	536
51.138	537
51.188	535
51.238	535
51.288	536
51.338	534
51.389	534
51.439	534
51.489	534
51.539	534
51.589	534
51.639	535
51.690	537
51.740	537
51.791	537
51.841	536
51.891	535
51.942	535
51.992	533
52.042	531
52.092	533
52.142	532
52.192	533
52.243	533
52.293	533
52.343	535
52.393	535
52.443	535
52.493	536
52.544	535
52.594	535
52.644	533
52.695	534
52.745	533
52.796	532
52.846	534
52.896	534
52.946	535
52.996	536
53.046	535
53.097	535
53.147	537
53.197	536
53.247	536
53.297	534
53.347	533
53.398	534
53.448	533
53.498	533
53.548	534
53.599	534
53.650	534
53.700	534
53.750	535
53.800	537
53.850	536
53.900	536
53.951	535
54.001	533
54.051	533
54.101	531
54.151	532
54.201	534
54.252	534
54.302	534
54.352	535
54.402	536
54.452	537
54.504	534
54.554	535
54.604	536
54.654	533
54.704	533
54.754	533
54.805	532
54.855	533
54.905	532
54.955	535
55.005	537
55.055	536
55.106	536
55.156	537
55.206	535
55.256	535
55.306	535
55.357	533
55.408	532
55.458	532
55.508	533
55.558	535
55.608	535
55.659	536
55.709	535
55.759	535
55.809	537
55.859	535
55.910	532
55.960	534
56.010	532
56.060	532
56.110	532
56.160	533
56.211	535
56.262	534
56.312	536
56.362	537
56.412	536
56.462	535
56.513	535
56.563	534
56.613	535
56.663	532
56.713	534
56.764	533
56.814	534
56.864	535
56.914	535
56.964	536
57.014	538
57.065	535
57.115	536
57.166	536
57.216	534
57.266	533
57.316	532
57.367	532
57.417	533
57.467	533
57.517	534
57.567	535
57.618	534
57.668	537
57.718	535
57.768	536
57.818	536
57.868	534
57.919	533
57.969	535
58.019	532
58.070	533
58.120	533
58.170	534
58.221	536
58.271	536
58.321	537
58.371	537
58.421	536
58.472	535
58.522	535
58.572	534
58.622	533
58.672	532
58.722	534
58.773	533
58.823	533
58.873	535
58.923	536
58.974	535
59.025	537
59.075	535
59.125	534
59.175	535
59.225	533
59.275	533
59.326	533
59.376	532
59.426	534
59.476	535
59.526	535
59.576	537
59.627	536
59.677	537
59.727	536
59.777	535
59.827	535
59.879	533
59.929	533
59.979	533
60.029	533
60.079	534
60.129	534
60.180	534
60.230	536
60.280	535
60.330	535
60.380	535
60.430	535
60.481	534
60.531	533
60.581	532
60.631	533
60.681	532
60.732	534
60.783	533
60.833	534
60.883	537
60.933	536
60.983	536
61.034	536
61.084	535
61.134	533
61.184	533
61.234	532
61.284	533
61.335	532
61.385	534
61.435	535
61.485	535
61.535	536
61.586	535
61.636	535
61.687	536
61.737	534
61.787	534
61.837	534
61.888	533
61.938	533
61.988	532
62.038	533
62.088	536
62.138	536
62.189	536
62.239	537
62.289	536
62.339	536
62.389	534
62.440	534
62.490	534
62.540	532
62.591	533
62.641	533
62.691	533
62.742	534
62.792	534
62.842	536
62.892	537
62.942	536
62.993	535
63.043	536
63.093	534
63.143	533
63.193	533
63.243	532
63.294	534
63.344	535
63.394	534
63.444	536
63.495	536
63.545	537
63.596	537
63.646	536
63.696	534
63.746	533
63.796	533
63.847	533
63.897	532
63.947	532
63.997	533
64.047	534
64.097	535
64.148	535
64.198	536
64.248	536
64.298	534
64.349	534
64.399	534
64.450	534
64.500	533
64.550	532
